<Phenotype>																			
taxa	data	data	data	data	data	data	data	data	data	data	data	data	data	data	data	data	data	data	data
Taxa	l_area	l_perimeter	l_length	l_width	l_apex	l_base	t_area	t_perimeter	t_length	t_width	t_apex	t_base	r_area	r_perimeter	r_length	r_width	r_apex	r_base	leaftype
Berken	54.30945	35.43409	8.908680	7.784133	86.11379	 98.76081	53.74431	35.76092	8.995084	 8.560379	90.72111	108.12233	55.79281	35.95916	8.740352	7.858640	85.71925	 97.43424	1
CommChk1	47.14542	33.65133	8.135780	7.104303	87.32782	 99.67536	43.44419	32.61866	8.245077	 7.743545	90.01191	108.69833	44.90925	33.69823	8.085393	7.004696	83.56612	 97.39101	1
CommChk2	45.25760	32.83448	8.185895	7.183267	83.92813	 98.46104	46.15900	33.68639	7.912778	 8.126176	96.24833	112.04886	48.15072	34.16273	8.134328	7.368382	84.20078	 97.72552	1
Lincon	54.98623	35.98820	8.835451	7.827098	85.61619	 98.82124	52.34175	35.31932	8.801286	 8.630089	88.80636	109.54640	56.13630	36.51734	8.733601	7.927311	85.51393	 99.30563	1
OK12	37.79504	30.29600	7.666304	6.401883	85.53688	 98.59020	36.08000	30.73803	8.032936	 6.951025	80.37512	103.02427	39.55856	31.37039	7.964158	6.488894	82.41171	 95.52297	1
OK2000	58.14232	36.54487	8.880431	8.178983	86.17169	100.83393	57.10011	36.47931	8.688002	 9.193629	96.55943	113.48732	62.21679	37.80675	9.024233	8.363548	88.44168	101.15945	1
PI163110	48.00253	33.88964	8.392667	7.276650	82.57210	 97.44804	44.23688	32.53847	8.346058	 7.797639	83.97148	107.92292	50.46375	34.96472	8.463117	7.393728	82.99356	 96.85266	1
PI164726	44.85776	32.86979	8.339099	6.972202	83.18435	 96.45109	44.42471	32.92322	8.501754	 7.651484	85.22882	106.32498	46.03671	33.10242	8.403305	7.056595	83.94081	 97.85072	1
PI164745	46.37099	33.04690	7.878508	7.308981	89.31280	103.37097	45.08701	32.93519	8.230683	 8.107313	92.14429	111.10608	47.08220	33.75109	7.741475	7.371652	84.20199	100.06430	1
PI164770	48.18857	34.09949	8.203452	7.350448	85.12441	 97.88805	45.14764	33.16747	8.740114	 7.946289	87.10999	105.81771	48.03881	34.26352	8.523498	7.323985	81.76095	 95.82733	1
PI164889	43.35594	32.58305	8.290450	6.829862	82.28585	 95.08350	42.88427	32.75159	8.658417	 7.725360	80.68601	105.55346	44.33546	33.04854	8.389848	6.944714	79.96137	 95.41310	1
PI167295	48.10960	34.25941	8.494542	7.199360	81.65319	 96.73928	45.39755	33.42891	8.513160	 7.948753	86.26806	107.46543	48.07063	34.65714	8.600985	7.152399	81.54450	 95.90884	1
PI179703	42.86230	33.71231	8.484879	6.819670	80.79320	 93.88250	43.27802	32.98677	8.788286	 7.678378	82.58215	103.85496	45.78862	33.66735	8.810189	7.029663	78.94145	 93.59436	1
PI183458	62.63626	38.22120	9.044211	8.564637	86.73290	100.90091	54.95286	36.75055	8.858241	 8.936482	90.37633	111.36757	62.50298	38.77773	9.050152	8.560049	86.27732	100.07478	1
PI183936	48.16342	34.32507	8.339592	7.350736	84.87623	 98.37287	47.10941	33.99801	8.666732	 8.150034	85.42653	108.05099	48.39498	34.73094	7.891666	7.458341	86.53551	101.77693	1
PI199355	40.65863	31.60290	8.224545	6.615252	80.15769	 92.90602	40.99391	32.67587	8.505082	 7.431191	85.86093	104.19451	41.26038	31.59570	8.102673	6.703695	81.64441	 94.70016	1
PI201869	51.96128	35.67386	8.769082	7.638989	84.49736	 99.15035	48.31848	34.28939	8.989695	 8.180925	85.33563	105.68578	55.43301	36.47257	8.943775	7.728967	80.50384	 96.00872	1
PI201874	50.64465	34.93805	8.577423	7.489606	83.76988	 96.79726	50.28359	34.64394	9.002590	 8.375314	86.54727	107.12964	51.15696	34.90613	8.663463	7.539340	84.38330	 97.34052	1
PI213012	46.57970	33.34137	8.305891	7.127975	85.29606	 97.71547	46.99780	33.46390	8.637018	 8.091907	89.94693	108.29889	46.88750	33.23962	7.932763	7.094006	86.09952	 97.43514	1
PI254557	45.28530	33.40538	8.241486	6.956758	81.37797	 96.26860	42.45573	32.70830	8.457452	 7.589430	82.34404	104.96741	47.51881	34.25695	8.304528	7.076920	81.93540	 95.90538	1
PI264686	47.84385	33.94425	8.017662	7.249138	83.64591	 98.16807	52.72704	34.96627	8.573428	 8.678520	94.19579	111.81910	48.46374	34.02382	7.951896	7.297840	86.49354	 99.29318	1
PI271401	54.30519	36.95143	8.733624	7.761729	81.81345	 95.42127	54.70226	37.15614	9.094729	 8.876370	84.70726	108.83062	56.47545	36.96959	8.771567	7.904467	84.69397	 97.74844	1
PI271403	55.85079	36.60572	8.703518	7.850915	86.24319	 99.52794	54.42107	35.98353	8.682616	 8.912050	94.88887	112.82716	55.99806	36.49764	8.711917	7.901773	87.10832	 98.98081	1
PI271404	50.58017	34.97524	8.388662	7.594284	84.32307	 98.22381	49.30623	35.18823	8.678126	 8.439384	88.51299	108.57106	52.58018	35.61669	8.572823	7.750113	83.08119	 97.37500	1
PI271405	39.86087	31.06790	8.041283	6.413607	80.78210	 92.94656	39.14747	33.16596	8.289571	 7.205201	76.71665	105.32548	41.55955	31.94213	8.224054	6.523866	80.52754	 92.62377	1
PI273487	54.69825	35.84919	8.647018	7.852468	86.09315	 99.07283	54.40907	36.95474	8.793824	 8.877851	90.84982	109.98991	55.45295	36.51628	8.665246	7.916473	85.56166	 97.59496	1
PI305413	40.39255	31.47845	7.649227	6.647663	81.69576	 97.24387	38.59018	30.78116	7.986944	 7.276814	86.51888	107.89866	40.11973	31.52453	7.677780	6.671498	85.19743	 98.69959	1
PI323292	52.92299	35.47474	8.367599	7.733618	89.42248	101.25898	50.48322	34.66143	8.689919	 8.490388	93.49218	109.18903	53.25328	34.95348	8.617692	7.713666	88.48278	 98.45689	1
PI346313	45.76923	33.67348	8.061831	7.262311	83.80370	 99.42274	43.36299	32.55549	8.039675	 7.986688	94.21649	111.91201	45.61683	32.89529	8.061283	7.283917	86.77152	 99.98036	1
PI346314	36.91693	30.24277	7.827174	6.111351	80.20279	 90.65898	35.51034	29.87292	8.085258	 6.427646	83.42651	102.18798	37.93489	30.38100	7.675872	6.178594	80.72670	 91.69949	1
PI346315	46.53237	33.39394	8.326538	7.158725	85.30561	 97.11316	46.47294	33.49919	8.534915	 8.007472	88.45696	107.70085	46.78010	33.60754	8.357407	7.112858	84.96140	 96.98138	1
PI346316	43.93023	32.43756	7.835045	6.910327	86.28040	 99.51738	41.38191	31.84278	8.236036	 7.482662	87.71980	107.44751	43.81091	32.66540	8.027583	6.864701	83.79835	 98.00616	1
PI362296	51.49039	34.69649	8.446669	7.512038	85.40786	100.05652	51.48264	34.56825	8.568985	 8.528842	90.70911	111.32246	51.59283	35.44130	8.513201	7.464333	82.99222	 97.87852	1
PI362298	54.55665	35.73776	8.508365	7.684023	87.08564	 96.78729	52.18690	35.95107	8.937726	 8.343770	84.48797	105.23160	54.30497	35.64323	8.719438	7.712336	85.69897	 98.89593	1
PI362307	47.42365	34.10021	8.416283	7.312011	85.46665	 98.49360	48.44267	34.10631	8.779874	 8.276458	89.30489	107.78081	47.57882	34.25747	8.368988	7.302068	83.55876	 96.73026	1
PI362309	45.32246	32.84951	8.350286	6.966954	82.22643	 95.91138	46.47520	34.74619	8.521499	 7.960983	89.44423	107.71221	46.77691	33.20561	8.277314	7.057286	84.71696	 97.91851	1
PI362310	44.57039	32.93382	7.824523	7.168687	83.74361	 98.44717	42.95173	32.34322	8.302987	 7.804820	90.02044	108.61731	44.79207	33.29049	8.156655	7.232173	87.54788	 99.97020	1
PI362311	47.62842	33.94585	8.293442	7.470343	85.46166	 99.04174	48.25399	34.38261	8.707553	 8.259411	89.31951	108.45551	47.42557	34.63760	8.358636	7.200950	85.52256	 97.00084	1
PI362315	54.21359	36.17520	8.981073	7.781940	84.67393	 98.60491	56.27415	36.86502	9.157437	 8.844243	86.02699	108.22610	53.60022	36.38448	8.841892	7.769988	81.86971	 98.08211	1
PI362316	48.04508	33.74718	8.487948	7.313798	82.47259	 97.31916	47.08073	33.62668	8.411857	 8.235666	89.66715	110.91648	49.92615	34.92021	8.501100	7.478284	84.17586	 98.20675	1
PI362317	46.34763	33.90206	8.268886	7.315807	83.75598	 98.04477	42.53408	33.13648	8.317928	 7.744971	88.61097	104.52030	47.13231	33.74861	7.994240	7.351862	87.23867	100.23838	1
PI362318	49.04925	34.65629	8.747815	7.434845	80.99153	 96.12145	49.13968	35.15863	8.920759	 8.336473	85.84019	107.23186	50.06029	35.03125	8.620935	7.530578	87.26261	 98.64056	1
PI362322	44.62874	33.93536	8.176459	7.028906	80.96360	 97.26666	45.10789	33.86128	8.430015	 7.937885	87.06260	108.44365	46.79214	33.79700	8.415769	7.211307	85.14903	 99.03240	1
PI362324	48.06335	34.65492	8.108548	7.334588	83.11319	 98.69428	50.32466	35.50631	8.679771	 8.512935	86.94959	108.63448	49.89196	35.07306	8.157355	7.389740	83.59320	 97.74992	1
PI362326	46.99188	33.66318	8.300020	7.261793	80.94493	 97.21778	47.55892	34.74281	8.815500	 8.245045	85.61598	107.42056	48.30497	34.57402	8.443107	7.342140	80.87272	 95.24847	1
PI363147	43.59369	32.62946	8.017514	7.110025	81.15740	 98.63953	42.33689	32.33382	8.372245	 7.813117	90.65906	108.34650	44.27870	32.59125	7.895002	7.114093	86.94846	100.68151	1
PI363149	50.31369	34.68188	8.656041	7.473246	84.52030	 98.24408	49.40073	34.10811	8.544578	 8.259495	88.53909	108.92057	46.87379	33.62985	8.166698	7.151879	84.93404	 97.00451	1
PI363152	37.18471	29.87809	7.528345	6.327379	85.77129	 98.55947	36.24334	29.44983	7.438238	 7.008048	96.37714	110.85182	38.84389	30.29052	7.552292	6.493825	86.91160	 98.75124	1
PI363153	39.33781	31.29236	7.987905	6.500244	81.16065	 95.32507	39.30065	32.55577	8.378789	 7.295570	79.37840	105.76700	40.12266	31.48839	7.959824	6.519992	80.99020	 96.36766	1
PI363156	42.79022	32.53851	8.148454	6.805551	80.73320	 94.78270	42.41663	32.51086	8.296155	 7.631499	87.38048	108.02867	42.83630	32.74907	8.118900	6.803119	81.86865	 95.74023	1
PI363166	40.01274	31.14540	7.834872	6.585971	84.50161	 97.34781	40.02181	31.46127	8.346787	 7.226331	83.07303	104.29809	40.39915	31.49170	7.541835	6.602035	87.25893	100.28515	1
PI363185	67.24121	39.59719	9.527549	8.680930	90.51634	102.08733	62.73990	38.94168	9.624510	 9.417267	87.54339	108.27295	66.65029	39.59988	9.701618	8.570323	83.73617	 96.97101	1
PI363189	43.27863	32.37040	8.014835	6.845479	85.40087	 98.36937	41.84670	32.61807	8.208628	 7.585872	85.79395	108.41239	44.75172	32.99137	8.276526	6.956746	82.76106	 97.01853	1
PI363190	44.06621	32.97535	7.901162	7.204868	88.03846	102.66015	42.91905	32.84653	8.245523	 7.999765	90.57731	110.65154	44.94680	33.42749	7.680270	7.222554	87.10936	102.22732	1
PI363204	50.01090	34.36377	8.385694	7.431470	82.53808	 96.72982	51.29353	34.94980	8.686912	 8.550073	91.15723	110.30692	50.68690	34.74143	8.381871	7.476575	84.40127	 97.60182	1
PI363208	46.44237	33.72118	8.391673	7.076042	84.37993	 96.86954	47.12108	33.84842	8.825453	 8.049886	86.57984	105.83675	47.75684	34.35591	8.436558	7.154964	84.57773	 95.85209	1
PI363222	54.39701	36.01753	8.816198	7.681202	86.87026	 98.68575	56.62132	36.48558	8.762499	 8.927350	91.74550	111.55099	56.08804	37.59644	8.596460	7.866838	83.29456	 98.68837	1
PI363231	37.44639	30.04220	7.474165	6.476418	86.57563	 99.01035	36.24017	30.05522	7.691305	 7.092903	89.15085	108.64614	38.22314	30.72980	7.566828	6.525141	88.32150	 99.91737	1
PI363252	49.73615	34.71292	8.187690	7.463220	90.15715	100.86180	48.49575	35.00514	8.378322	 8.294493	92.97722	111.06726	50.58086	34.89880	8.263856	7.493825	90.31537	101.06458	1
PI363253	46.91566	33.53146	8.376504	7.111778	84.67476	 97.98271	48.85764	34.11532	8.727732	 8.179509	88.42969	107.73524	49.46364	34.37575	8.508098	7.388330	86.14753	 99.61980	1
PI363271	37.99339	30.60964	7.518538	6.486493	84.48478	 98.08219	38.70069	31.20104	7.856894	 7.260186	92.03197	109.78317	39.66768	31.09656	7.733112	6.644068	86.27634	100.00674	1
PI363272	46.46495	35.44552	8.141805	7.215486	82.75980	 96.21612	46.50546	33.96400	8.597032	 7.969793	89.93956	107.44072	48.02691	35.97745	8.208602	7.287862	82.12253	 98.00642	1
PI363301	48.46240	34.36521	8.827404	7.275346	79.94579	 95.07065	47.19818	34.32549	8.853484	 8.047016	86.36852	105.06984	49.05704	34.77958	8.628274	7.318288	82.85506	 95.18056	1
PI363302	49.78230	34.30150	8.322003	7.459350	88.25495	 99.30278	48.03003	34.13487	8.655424	 8.083061	91.35405	107.64446	51.24858	35.07490	8.531455	7.547811	87.23934	 99.15608	1
PI363304	52.66661	35.52159	8.475694	7.692757	86.87216	100.06711	50.64611	35.06693	8.593924	 8.516913	90.74914	110.96757	55.27997	36.66517	8.506106	7.872514	87.55649	 99.48655	1
PI363315	42.40267	33.25402	7.918782	6.988191	85.93417	 98.40128	39.53873	31.90394	7.973159	 7.476120	92.18695	105.83603	42.83366	32.39636	7.713801	6.938591	87.34974	100.60130	1
PI363318	45.81834	33.50165	8.518006	7.121871	81.72615	 95.37176	43.30254	34.03078	8.664430	 7.766825	78.92815	104.97699	48.51175	34.61529	8.493533	7.381286	83.72914	 98.38532	1
PI363320	43.83246	33.29478	8.065119	6.894793	85.23550	 99.51934	44.70177	34.32678	8.553317	 7.795706	85.20472	105.90231	44.85601	34.34402	8.230290	7.023262	84.01712	 99.03065	1
PI363324	64.11424	38.46947	9.166028	8.417223	88.38517	101.43075	65.35221	38.91274	9.524851	 9.633185	89.08089	109.42832	65.35160	39.08778	9.205338	8.509295	84.82582	 98.25326	1
PI363326	43.07812	33.29910	8.127652	6.942207	81.19522	 94.16068	39.98406	32.06232	8.184624	 7.350823	85.61043	105.97366	44.29371	34.36116	7.944526	7.079549	82.70747	 97.42077	1
PI363330	49.14825	34.85019	8.556570	7.312914	81.77317	 98.46140	46.40044	34.04095	8.926744	 7.816603	81.00355	103.64522	50.08758	34.79340	8.740289	7.369047	80.36010	 95.73745	1
PI363332	43.16374	32.42166	8.115882	6.844832	82.40660	 95.70440	44.91732	33.83104	8.737661	 7.737727	81.58148	103.88260	45.16939	33.31324	8.142871	6.832872	87.54581	 99.29618	1
PI363333	55.34490	36.25777	8.685207	7.872328	86.80665	100.48658	52.41569	35.76293	9.189186	 8.504748	85.81841	106.39426	55.05955	36.11996	8.658051	7.739064	86.71148	 98.35787	1
PI363334	48.66598	33.92866	8.364147	7.378215	87.16904	 99.88093	44.45560	32.29021	8.327888	 8.216288	88.49795	109.67927	50.33647	34.69033	8.185110	7.394333	87.67552	100.30811	1
PI363341	46.83817	33.43416	7.898248	7.249301	87.05325	100.98607	46.48596	34.37070	8.490980	 8.030164	86.25505	106.98461	47.64827	33.70332	8.395340	7.279550	84.73648	 98.51535	1
PI363346	46.00098	33.89246	7.839840	7.059287	82.71644	 95.20901	42.85842	32.08279	8.166891	 7.596391	89.11555	109.91480	45.01705	33.46716	8.020916	7.005109	84.43098	 99.16577	1
PI363354	48.07488	33.17536	8.310829	7.201887	88.01676	100.95949	47.97423	33.04877	8.398172	 7.969776	92.64427	108.65961	49.67029	33.99175	8.592047	7.235820	87.05805	 98.68812	1
PI363359	57.26420	36.50435	8.695905	8.155657	85.99974	102.04388	53.37842	35.84070	8.927149	 8.918665	87.81873	110.50348	59.02892	36.90309	8.784458	8.228277	86.26361	101.37954	1
PI363360	56.48088	36.41153	8.635169	7.956315	90.01065	101.64777	55.96920	36.55187	8.999056	 8.892935	90.13006	109.44266	59.33287	37.48495	9.031651	8.029554	85.51716	 98.48987	1
PI363362	48.56236	34.70271	8.330894	7.165219	82.66491	 97.34017	44.00154	33.65403	8.413490	 7.939441	85.09650	107.23693	47.64220	34.26925	8.071486	7.164082	89.24423	102.56997	1
PI363374	49.63865	35.87371	8.476591	7.375726	83.19885	 98.29067	47.26678	34.33817	8.530468	 8.048669	90.53940	108.66603	49.50637	35.02308	8.426062	7.433292	84.64016	 99.06096	1
PI363377	60.89091	37.71753	8.892809	8.179040	90.21418	101.62097	55.92375	36.67562	9.050974	 8.730992	88.22453	108.28656	63.26866	38.30200	9.274286	8.303824	86.40227	 97.98081	1
PI363380	50.56348	35.03139	8.543880	7.576254	88.02303	101.10918	48.81843	34.30659	8.586642	 8.208189	90.73452	108.69001	51.45544	36.12336	8.423818	7.515736	85.53632	 98.62462	1
PI363381	59.19862	37.57058	9.028838	8.106571	85.18718	 98.07320	59.67477	37.76831	9.282682	 9.170299	85.29243	108.96224	61.04900	38.26880	9.414771	8.142241	83.89613	 97.09979	1
PI363391	41.14131	31.31391	7.839389	6.695893	84.61525	 98.20416	40.38728	31.68198	8.106330	 7.306460	85.85581	106.96481	42.12033	32.49762	7.778846	6.723085	82.00018	 97.76494	1
PI363406	50.15036	34.26224	8.407949	7.373466	84.06862	 96.26672	51.07076	35.02967	8.859928	 8.347246	89.96724	107.72831	54.35844	35.69225	8.685813	7.779866	87.94638	 98.67460	1
PI363407	43.92682	32.60737	8.067608	6.781029	81.05133	 95.54815	41.34828	31.86928	8.149599	 7.682188	86.59181	109.33187	46.67323	33.68225	8.253349	6.995080	82.31939	 96.20106	1
PI363416	48.28208	34.39400	8.395082	7.222120	82.73148	 96.43631	45.69049	32.62030	8.038951	 7.942083	87.32500	111.72182	50.56416	33.86597	8.609952	7.364534	84.46104	 98.87075	1
PI363419	48.51358	34.32290	8.622996	7.253107	82.07075	 95.58041	47.59422	35.90585	8.914419	 7.993759	81.06521	103.34722	48.95149	34.70081	8.562009	7.241384	81.06167	 95.29173	1
PI363429	48.73706	34.20245	8.283469	7.363889	86.23872	100.34567	48.74848	34.41316	8.797224	 8.086595	87.25373	106.50348	51.47867	35.26892	8.477688	7.475578	85.32253	 99.14416	1
PI363430	49.69851	34.63461	8.497178	7.337790	85.97517	 98.60850	50.11043	34.77295	8.890079	 8.201647	86.39835	106.72862	50.59758	34.94014	8.383509	7.385884	88.00421	 99.00890	1
PI363456	40.23571	31.48677	8.029357	6.522679	82.78206	 96.11298	37.41580	30.36725	7.640530	 7.006186	92.88586	108.52798	41.50648	32.54095	7.983217	6.600243	81.38653	 93.50146	1
PI363459	55.08005	35.81861	8.619568	7.865979	86.39412	101.35353	50.30247	34.69822	8.761223	 8.397303	89.83232	108.00959	54.95371	35.82334	8.703877	7.789743	86.20011	 99.15902	1
PI363474	49.05663	34.02366	8.252134	7.509267	88.42423	102.61343	45.09821	32.99446	8.235737	 8.187522	94.22128	111.43468	50.23721	34.90264	8.273982	7.698925	84.63361	100.43416	1
PI363475	49.13594	33.70027	8.409364	7.239540	84.49997	 97.73551	49.71765	34.41743	8.813529	 8.213177	85.01716	106.72715	50.15103	34.36180	8.464587	7.316315	82.15671	 96.59021	1
PI363482	39.69977	31.01747	7.938131	6.476661	82.13848	 94.65508	39.62145	31.76128	8.212273	 7.199752	84.50454	102.08263	40.00189	31.50088	8.177070	6.415819	79.00618	 92.02357	1
PI363484	46.86539	33.54150	7.940738	7.365277	93.00571	105.16158	45.07363	32.94279	8.284258	 7.964761	91.20939	109.87941	47.14304	33.86063	7.987952	7.431058	86.40988	102.51397	1
PI363493	42.75172	32.34758	8.053695	6.771767	80.11101	 94.69442	41.65139	32.80250	8.316026	 7.597909	83.18119	106.26498	42.13453	32.91992	8.156923	6.667982	81.05044	 94.03730	1
PI363494	41.68981	32.08682	8.097472	6.566499	79.32754	 94.24264	41.54093	32.20314	8.464656	 7.218072	85.50873	103.17747	42.06633	32.65413	8.321648	6.550199	78.51746	 93.11278	1
PI363506	54.48805	35.87024	8.746947	7.760830	88.15614	100.17182	48.41856	34.20127	8.800919	 8.082649	84.83630	106.30026	54.89732	36.20093	8.617086	7.808318	88.00187	100.94297	1
PI363514	46.52800	33.87544	8.070305	7.369574	91.52039	103.88490	46.60258	34.08768	8.380766	 8.260840	94.39234	111.46022	50.07849	34.89485	8.207018	7.667035	89.00948	101.53899	1
PI363516	49.99126	34.54814	8.591262	7.420542	84.01703	 96.70073	45.07313	33.78203	8.673594	 7.825887	80.48868	104.58336	50.92625	34.63057	8.247184	7.470500	84.28249	 97.13628	1
PI363517	59.14678	37.42626	8.970863	8.137415	85.79197	100.09892	57.12334	36.95580	9.057352	 9.081675	91.20407	110.12958	58.35551	36.92072	8.926452	8.141531	87.17097	 99.13995	1
PI363523	59.16145	37.95827	8.958346	8.102963	81.82503	 96.49404	56.27545	37.44727	9.148834	 9.086321	87.23349	109.72233	60.73152	38.61201	9.184218	8.200036	83.05743	 96.84555	1
PI363531	49.18723	34.47893	8.524638	7.264483	84.70174	 97.90833	47.44079	34.10571	8.386520	 8.101591	92.27345	109.34003	47.59339	34.25344	8.209678	7.114584	85.40496	 98.70033	1
PI363565	47.28276	33.88722	8.051734	7.223482	87.61259	100.94290	45.56035	33.89552	8.765680	 7.806414	87.44194	104.37917	46.86885	34.49510	8.317382	7.234969	81.86865	 93.95325	1
PI363566	49.62283	34.33259	8.570004	7.640344	87.67419	100.51275	46.36843	33.71906	8.844399	 7.849995	87.11887	104.38327	49.95010	34.68548	8.456515	7.612175	87.78911	 99.99801	1
PI363585	39.16788	30.86394	8.107622	6.338821	78.09749	 92.63273	37.39587	30.29403	8.093257	 6.694077	84.10819	105.78283	39.86062	32.11527	8.100968	6.324711	77.47258	 91.37934	1
PI363591	49.00784	33.81991	8.259984	7.443577	87.34205	 99.72085	50.22548	34.50508	8.603050	 8.368080	93.25072	109.97829	50.50410	34.66763	8.046899	7.540231	86.05303	 98.69700	1
PI363592	45.56048	33.21980	8.174184	7.102083	84.41768	 98.59568	45.89569	34.17341	8.626323	 8.013597	82.04711	106.12091	47.31275	34.09882	8.461888	7.243044	81.16797	 96.60322	1
PI363595	46.14414	33.42747	8.311432	7.165840	82.81346	 96.77352	45.15807	33.62403	8.602082	 8.000938	85.77989	107.47054	47.54616	33.99112	8.297042	7.245436	85.02727	 97.50168	1
PI363596	42.07435	32.11992	8.257992	6.651861	78.05584	 93.78095	42.42569	32.42210	8.572193	 7.529214	81.73662	104.39018	42.87236	32.66080	8.302681	6.684223	77.59915	 93.73648	1
PI363597	43.08507	32.19815	7.822175	6.925923	87.98778	 99.28316	44.87651	32.94973	8.217625	 7.932613	91.02686	109.76869	45.64635	33.17581	8.214714	7.149232	85.72230	 98.34889	1
PI363600	47.03655	33.30471	8.244784	7.355551	87.25845	100.57040	41.16506	31.79464	8.078106	 7.520311	90.16377	107.92114	45.41888	32.98284	8.002036	7.192539	89.67453	101.58676	1
PI363604	52.91219	35.59699	8.598090	7.738563	84.52857	 98.78839	49.16166	35.13207	8.951622	 8.363383	85.53387	107.14001	53.63889	36.00474	8.711539	7.759873	83.11279	 98.45900	1
PI363605	49.25769	34.51654	8.281814	7.351621	87.11374	 99.62780	48.20415	34.61530	8.594114	 8.091288	91.80072	108.71721	47.98626	34.30757	8.375059	7.300292	84.13399	 97.22862	1
PI363613	42.31957	32.03279	7.611546	7.005139	86.06361	102.18186	41.39621	32.29514	7.895124	 7.633004	97.27429	110.82106	43.46427	32.19485	7.854434	7.004662	88.04266	100.55594	1
PI363615	42.73060	32.23128	8.043644	6.867780	85.85704	 99.85066	42.76467	32.71302	8.703985	 7.628766	80.44629	104.74421	43.91649	33.02165	8.254301	6.866873	82.58190	 96.28460	1
PI363616	53.50475	35.47232	8.689644	7.796329	88.02950	 99.54849	51.16422	35.09703	8.596408	 8.377963	94.63095	109.44199	53.22256	35.50545	8.391269	7.783300	89.95175	102.15338	1
PI363618	39.39271	31.04748	7.766071	6.506898	83.24111	 95.35222	38.66009	30.84792	7.750025	 7.216862	91.00067	109.52621	41.17381	32.68479	7.675792	6.816999	86.80729	 98.70528	1
PI363620	51.92635	34.57094	8.464660	7.691933	89.36063	102.28561	48.91893	34.21474	8.692100	 8.298294	89.85751	108.96032	53.56919	35.41160	8.443778	7.758512	90.03563	101.68107	1
PI363621	58.74858	37.38440	8.639664	8.198191	88.74476	102.63987	52.75007	35.55651	8.674293	 8.826329	89.91836	111.74101	62.61025	38.76307	9.135293	8.400009	87.68969	100.64974	1
PI363628	45.81887	32.88212	8.232703	7.142086	84.03880	 98.12068	45.87979	33.72463	8.449493	 7.957269	87.30443	108.14110	46.99042	33.64663	8.265599	7.213816	86.54037	 99.15583	1
PI363631	50.86759	34.80661	8.483219	7.489508	88.02101	 99.93757	49.46980	34.64626	8.783633	 8.194319	89.11830	107.33038	51.31684	34.68679	8.556383	7.546360	89.34810	101.04323	1
PI363635	48.08391	33.89411	8.048950	7.487572	92.10569	102.72363	45.78137	33.70050	8.334935	 7.932758	94.23298	109.61230	49.06643	34.32183	8.397396	7.491565	88.64937	 99.75673	1
PI363636	43.19225	32.86267	7.871098	6.914602	87.34183	100.05346	43.40453	32.33649	8.261224	 7.682338	90.34611	107.81184	45.10519	33.04698	8.220701	7.071387	83.98473	 98.63117	1
PI363638	58.80577	37.14075	8.934096	8.150941	87.31925	100.90240	54.04104	36.27629	9.193891	 8.825357	84.56291	108.25565	58.91109	37.34987	9.139341	8.200958	85.28116	 98.99633	1
PI363645	53.53682	35.26446	8.310612	7.951946	87.12012	101.20259	47.69194	34.07120	8.561393	 8.278202	94.04465	111.51688	54.20139	35.99667	8.417495	7.936042	89.24990	102.40469	1
PI363647	53.41104	35.66905	8.316479	7.724493	91.83077	103.60247	46.95892	33.74191	8.350132	 8.288718	88.58053	111.00405	52.65867	35.29086	8.478251	7.637619	88.23340	100.88593	1
PI363657	41.20051	31.59604	7.887115	6.845556	85.26306	100.18457	40.53867	31.72414	8.444070	 7.291793	81.92143	103.73061	43.03871	32.91910	8.111710	6.856675	82.28391	 96.46238	1
PI363668	47.52223	34.15730	8.683715	7.131304	81.38768	 94.65460	45.15300	34.42861	8.739786	 7.782419	83.67131	104.96573	48.69226	34.64713	8.616479	7.144726	82.73947	 93.25020	1
PI363678	42.14249	32.58219	8.257953	6.741804	77.79803	 93.74414	39.69490	31.76795	8.336742	 7.104495	85.72735	102.27440	43.14179	33.22314	8.374366	6.739091	77.19226	 93.35473	1
PI363696	41.05526	31.79793	7.963261	6.644935	82.14977	 95.76076	39.69598	31.42952	8.180880	 7.307325	89.18309	105.75331	43.77868	32.59094	8.154448	6.877587	81.90584	 94.85228	1
PI363699	50.49225	35.23515	8.590289	7.541738	83.74643	 98.78447	49.97340	35.40702	8.502771	 8.549665	89.38070	111.83739	53.28526	36.51496	8.882616	7.728842	80.84996	 95.94388	1
PI363701	64.24866	38.43854	9.158538	8.577468	90.39931	102.56329	60.56918	37.88735	9.223519	 9.306650	93.21196	110.64541	66.66598	39.15427	9.251847	8.755766	87.62333	101.13621	1
PI363704	45.59317	32.35049	7.646908	7.081555	87.19874	100.04361	44.62370	32.28240	8.223648	 7.824907	92.47267	109.90769	45.45682	32.76008	8.430133	7.012281	83.36062	 95.78758	1
PI363763	59.32757	36.93149	9.127024	8.070212	84.56301	 97.66918	59.08698	37.44147	9.210090	 9.097379	91.67213	109.73564	60.23812	37.30388	8.934275	8.160200	85.69096	 98.57665	1
PI363770	50.00151	34.94236	8.519656	7.594318	84.69372	 99.18433	48.31523	34.34420	8.439041	 8.382086	92.77193	111.69754	51.30612	34.93270	8.323882	7.737155	85.67886	100.80967	1
PI363771	58.77055	37.49530	8.820378	8.231372	90.25737	102.79610	55.81566	36.56998	9.030539	 8.897133	91.11048	109.77226	59.21617	37.27005	8.466504	8.261847	92.16805	104.13545	1
PI363779	52.55680	35.43616	8.634916	7.622892	87.78166	100.50422	48.79421	34.76463	8.945150	 7.981561	87.27015	104.50033	52.98084	35.61181	8.732174	7.653883	86.52529	 98.49753	1
PI363781	47.92475	33.82081	8.519714	7.195208	79.73692	 95.86319	45.85536	33.35628	8.647005	 7.911494	86.01147	106.39961	48.26730	34.13596	8.455927	7.286493	81.71709	 97.21903	1
PI363782	46.56869	33.23853	8.368293	7.090154	83.49472	 95.83821	46.42186	33.58545	8.430510	 7.846037	86.02853	105.48685	47.70276	33.62799	8.433748	7.034542	81.99592	 96.07938	1
PI363820	42.16784	32.05713	8.240121	6.844508	80.62060	 96.21875	39.33649	31.29201	8.316906	 7.245755	84.47815	104.57299	41.62984	32.47509	8.143944	6.747119	78.83189	 92.62263	1
PI363821	42.40098	32.26984	8.245226	6.880960	82.15312	 97.31820	42.46634	32.58341	8.425376	 7.527931	86.81108	106.21270	44.45317	33.34894	8.155591	6.981803	84.04197	 98.51534	1
PI363823	44.69113	32.81473	8.168968	7.134434	83.29482	 98.16285	43.23977	33.20895	8.182137	 7.857517	88.31659	106.66194	46.44537	33.17170	8.165146	7.260726	85.84509	 98.82067	1
PI363824	37.35073	30.57642	8.177271	6.145662	76.81189	 90.11754	38.61487	31.23868	8.352204	 7.080976	81.71496	103.24894	37.34735	31.23624	7.834079	6.262812	75.84082	 92.14526	1
PI363825	39.58116	33.22550	7.906142	7.380894	86.03821	102.56712	39.27235	30.50102	7.648735	 7.475185	90.79182	111.72205	41.31789	30.91623	8.119335	6.746410	83.69944	 99.46073	1
PI363828	48.35302	34.21673	8.458313	7.492353	88.54727	100.49803	48.83963	34.36477	8.752031	 8.156715	87.89762	107.47474	49.53500	34.88738	8.716991	7.451062	82.62658	 98.19079	1
PI363835	49.34896	34.29580	8.299665	7.406039	86.26163	100.13111	49.26242	34.48740	8.739713	 8.182034	86.81120	107.67655	49.99345	34.70150	8.379919	7.418210	87.67783	100.19269	1
PI363836	44.12492	32.74700	8.120742	6.954216	82.58958	 96.57376	42.83465	33.75799	8.470893	 7.753598	79.08643	105.04624	45.46248	33.36875	8.246870	7.044331	81.77845	 97.73250	1
PI363840	48.96074	34.05490	8.486791	7.404004	87.08965	 99.91870	49.65638	34.21983	8.858689	 8.213882	88.00669	107.30030	50.28005	35.05650	8.602163	7.407578	83.43151	 95.57384	1
PI363869	40.25478	31.24488	8.023596	6.569039	80.67637	 93.49716	39.48468	31.02778	7.862691	 7.134453	88.85617	106.62220	41.08236	31.66626	8.131028	6.620960	81.51271	 94.21603	1
PI363898	40.39643	31.18510	7.939683	6.612817	85.69041	 97.94630	37.73415	30.34969	7.986688	 7.056742	85.19397	106.50563	41.66239	31.64482	7.829198	6.788812	85.20874	 99.48399	1
PI363909	47.31669	33.37665	8.356337	7.278226	87.19441	100.03958	46.89517	33.46449	8.406383	 8.050282	91.02046	110.03552	48.14483	34.20466	8.217016	7.355448	85.09862	 99.90696	1
PI363924	56.30429	36.04657	8.817668	7.923420	85.24829	 98.97896	56.39853	36.48711	9.158882	 8.836640	86.79766	108.03661	57.08632	36.80172	8.868303	7.937227	85.73196	 98.41024	1
PI363974	42.44996	31.99480	7.783669	6.819613	87.32411	100.55035	42.56301	32.18439	8.349063	 7.620127	88.56364	107.23304	44.27202	32.78615	8.317686	6.832688	83.55980	 96.41528	1
PI363988	51.26959	34.56399	8.277157	7.721262	90.94989	104.09374	49.02063	34.65551	8.858430	 8.394773	85.28547	108.11800	53.10144	35.63048	8.647630	7.960983	85.29054	100.91047	1
PI363989	61.65208	38.06676	9.115607	8.172805	85.20324	 97.60097	56.54870	37.05141	9.059933	 8.682472	91.01998	107.55265	58.32365	37.45396	9.097620	7.860926	83.57863	 95.62329	1
PI364015	45.77266	33.14848	8.128364	7.231029	82.67700	 99.43672	44.43831	32.97229	8.411308	 7.868823	90.85585	108.55054	46.84741	33.88528	8.237204	7.269022	85.02508	 98.24267	1
PI364016	57.64300	36.45888	8.691529	8.042568	85.55775	 99.44492	54.18660	36.03934	8.679223	 8.738312	95.81487	111.22320	57.36029	36.34861	8.616883	8.070318	87.01713	 99.85495	1
PI364028	47.52649	33.22326	8.685851	7.189805	87.34167	100.11126	45.76801	33.90772	8.124287	 7.861056	93.45790	110.05396	48.33500	33.51676	8.672752	7.220518	86.88490	 98.83500	1
PI364032	53.23210	35.66229	8.866126	7.706670	86.59005	 98.61705	53.13854	36.29014	9.151526	 8.667154	89.91771	109.16116	58.35744	37.66013	8.839949	8.064373	86.43569	 99.34584	1
PI364047	49.98109	34.87853	8.455061	7.581068	85.39964	 99.10272	46.69205	33.66886	8.394067	 8.162358	91.64767	110.96331	51.13135	34.85640	8.636535	7.519820	83.55314	 98.04349	1
PI364049	52.38471	35.19717	8.316058	7.792367	86.85322	 99.80159	50.85687	34.89935	8.693046	 8.350189	92.25544	109.09824	53.45885	35.69434	8.369800	7.797155	85.76698	 99.13981	1
PI364070	45.51901	33.12541	7.937736	7.162098	84.83555	 99.14807	43.16877	32.48437	8.299513	 7.721681	90.89875	108.44402	47.85481	34.00812	8.403333	7.286613	85.21111	 96.50240	1
PI364119	55.37429	36.44182	8.753446	7.928700	88.04228	101.81152	52.05711	35.60890	8.915980	 8.519342	88.45395	108.35530	57.07999	36.90995	8.589397	8.001564	87.50300	103.18718	1
PI364123	47.34032	33.75965	8.244910	7.325650	84.64379	 98.80471	43.65608	32.85329	8.495954	 7.820194	87.04686	107.44287	49.04705	34.76956	8.604988	7.363228	81.88591	 96.63429	1
PI364167	45.49101	33.16375	8.028796	7.051520	86.30965	 99.23455	46.96407	34.49152	8.383737	 8.182381	92.22275	110.70388	48.13670	34.68376	8.273086	7.264884	84.05266	 98.45023	1
PI364173	56.98757	36.74333	8.719639	8.121945	87.61131	100.98156	51.32135	35.38119	8.662595	 8.643007	92.06329	111.01437	57.54693	37.13601	8.782191	8.114356	86.85425	 99.56103	1
PI364205	50.79655	34.72894	8.187744	7.562343	86.93097	100.30890	48.97890	34.55163	8.584973	 8.404566	89.52192	110.25434	51.85537	35.36373	8.484065	7.585820	87.25927	 98.56515	1
PI364207	55.59580	36.36000	8.645824	8.071888	87.16199	101.37696	50.95575	35.43183	8.590915	 8.746632	90.30442	111.97326	55.80651	36.49764	8.633300	8.093409	86.29208	101.05558	1
PI364212	62.62937	38.25655	9.112449	8.445435	85.83619	 99.60416	58.77724	38.26568	9.244560	 9.120501	89.12607	109.44347	61.81262	38.55366	9.064629	8.376374	86.34491	 99.62160	1
PI364213	52.56365	35.58290	8.701100	7.619549	84.08099	 96.20126	51.07336	35.57409	8.932025	 8.705241	86.86402	109.59093	53.77008	36.03794	8.992632	7.657392	81.83192	 95.28158	1
PI364214	49.68018	34.53528	8.328133	7.366213	88.16433	100.36501	51.25857	35.30524	8.767785	 8.426305	91.16118	109.08563	50.82430	35.27580	8.594024	7.475811	84.37112	 97.45066	1
PI364218	53.61834	34.44449	8.888552	7.439531	88.97602	 99.95508	51.03156	34.00350	8.617275	 8.110081	90.94333	108.19086	53.48035	34.65018	8.652647	7.486148	88.05116	 99.64947	1
PI364224	42.56056	31.93773	8.059515	6.817643	84.93946	 98.99987	39.36302	31.42163	8.164502	 7.472149	82.27146	106.86617	42.92642	32.43420	8.140626	6.909496	81.74355	 97.51719	1
PI364225	47.57680	33.79828	8.022632	7.371497	88.87337	102.65263	49.43393	34.67573	8.622864	 8.244871	89.04206	109.01145	51.37377	35.26108	8.625146	7.548606	83.72958	 98.67105	1
PI364230	51.64231	35.16444	8.647654	7.594858	84.36111	 97.97791	50.49523	35.12734	8.641373	 8.383834	91.28057	109.25415	51.46960	35.20238	8.664309	7.615527	85.22787	 97.77197	1
PI364231	50.43680	34.90272	8.431891	7.357092	85.64208	 99.78113	44.87813	33.75139	8.628980	 7.812125	84.51054	105.75927	51.82940	35.57520	8.863010	7.502913	81.83722	 96.37672	1
PI368266	56.59507	36.02611	8.352147	8.135069	93.59929	104.80731	51.75509	35.34592	8.678923	 8.503374	92.77893	109.90842	57.22161	36.34678	8.698791	8.156341	92.18470	102.51200	1
PI368274	58.08901	37.68061	8.919790	8.150006	86.94845	100.24484	53.13333	35.84271	8.955620	 8.648922	86.72204	108.39869	57.17696	36.87947	8.889902	8.109642	87.07773	100.56588	1
PI368275	41.95877	32.16356	8.032943	6.769200	82.19718	 96.29636	40.06072	31.53204	8.072176	 7.443058	90.39499	108.44992	42.18215	33.05264	8.010016	6.805851	81.95561	 96.16373	1
PI368276	53.77489	35.56516	8.515913	7.758520	87.46093	100.98992	49.73816	34.82870	8.934690	 8.218442	84.24810	106.20631	55.79011	36.46822	8.880413	7.833557	84.10585	 97.91546	1
PI368277	57.62445	36.63745	8.982613	7.989827	87.77833	 99.27874	51.06254	35.20516	8.944823	 8.387007	86.72485	107.26549	58.62691	37.11046	8.614180	8.069842	88.82364	102.29819	1
PI368279	50.90014	35.22272	8.335928	7.486149	90.71991	101.85915	51.57469	35.38946	8.270175	 8.391196	96.14755	111.94648	52.33808	35.38473	8.393730	7.549098	86.75376	 98.94094	1
PI368285	40.22087	31.19427	7.723440	6.690283	83.54099	 97.85504	39.60091	31.57503	8.078185	 7.364816	90.34404	107.70230	40.89624	31.72675	7.855680	6.830712	83.90162	 97.93564	1
PI368302	43.28945	32.37534	7.924314	6.954735	83.22119	 98.64615	42.11543	33.27990	8.195832	 7.701058	89.16212	105.92880	44.83189	33.50086	8.136971	7.020499	83.34864	 97.82832	1
PI368305	44.63617	33.28802	8.089465	7.045216	85.21530	 98.98781	43.00769	32.72343	8.060711	 7.657892	93.90771	108.63459	46.69796	33.92958	8.311132	7.223060	87.47669	 97.91675	1
PI368327	50.95929	35.28436	8.497258	7.557582	84.33224	 97.72548	46.57081	34.01451	8.772074	 7.918871	86.09200	105.50759	50.41033	35.09665	8.493522	7.475566	87.32159	 98.77462	1
PI368329	55.39317	36.10660	8.371669	8.072811	90.51484	103.70558	48.78522	34.58428	8.755375	 8.246653	89.53683	107.88205	55.60345	36.50072	8.677046	7.957281	88.61868	100.56761	1
PI368330	55.04609	36.26548	8.516823	8.000775	88.99084	101.01922	51.67178	35.32588	8.708731	 8.740871	96.29444	111.04523	56.99415	37.00067	8.917274	8.083942	85.41555	 98.37770	1
PI368332	46.46385	33.48088	8.287379	7.192815	80.79206	 96.20817	44.66076	33.49808	8.764021	 7.784703	85.59029	104.59321	47.01914	34.47112	8.325727	7.196398	82.53633	 95.80012	1
PI369768	56.28995	36.88461	8.687189	7.917918	87.22160	 99.33857	61.92608	39.01930	9.260254	 9.398283	92.47880	110.65941	59.24581	37.65901	8.931230	8.006799	85.61509	 97.99969	1
PI369794	54.78876	36.46497	8.431126	7.921821	84.40638	102.27544	57.44747	37.07977	9.127146	 8.993814	87.55554	109.19763	57.22587	37.57994	8.777883	8.026955	83.48893	 97.98854	1
PI369795	60.62957	38.26350	9.227461	8.299685	85.78174	 98.42006	58.78725	37.49434	9.008807	 9.177912	94.41591	111.01600	61.58362	38.48376	9.172638	8.295169	85.12890	 98.94210	1
PI371816	64.82033	39.06722	9.035184	8.451092	89.85744	102.47487	64.47832	38.81236	9.149472	 9.511449	93.22674	111.89672	65.31354	39.32252	9.295787	8.476651	83.60172	 97.20912	1
PI374123	61.04180	37.95382	8.913174	8.202519	89.51683	101.48073	59.98787	37.54471	8.772119	 9.184497	95.39242	112.73805	59.96103	38.01229	8.993653	8.207820	85.33780	 99.06575	1
PI374125	58.22584	36.51922	8.549242	8.088543	91.79475	104.01361	60.86452	37.64773	9.178516	 9.231321	88.87829	109.90646	63.41067	37.76367	9.151645	8.448693	86.38963	 99.29492	1
PI374130	48.06093	33.81298	8.390933	7.319926	85.00298	 98.68998	44.42495	33.08321	8.427830	 7.699531	88.72189	106.68098	49.32296	34.67035	8.423005	7.465455	85.01689	 99.40864	1
PI374145	49.23069	34.05821	8.233543	7.310180	86.45985	 97.18904	50.54591	34.58741	8.667736	 8.190398	93.68444	108.74678	50.45132	34.86994	8.291326	7.390239	87.02965	 97.83249	1
PI374146	55.66291	36.31158	8.804317	7.948210	86.84850	 99.51323	52.80693	35.82131	8.841023	 8.825778	91.09168	110.84987	58.20111	37.34512	8.744178	8.106423	88.29580	100.73542	1
PI376849	48.54140	33.86508	8.330412	7.389311	85.45638	 98.61353	44.08968	32.89197	8.263281	 7.731082	86.94627	107.52410	51.59517	35.15546	8.544768	7.567382	86.30640	 99.22401	1
PI376850	52.23249	35.79602	8.707095	7.727292	88.96637	100.26135	49.02799	34.27455	8.819734	 8.229271	89.66937	107.15131	53.27904	35.85735	8.530267	7.839483	87.14190	 99.81800	1
PI376855	52.62538	35.69858	8.595052	7.744570	87.32610	101.23224	53.47660	36.12383	8.965175	 8.641730	89.33126	108.73820	54.51762	36.65340	8.661986	7.835324	85.64185	100.50177	1
PI376856	57.24664	36.53952	8.607655	8.179937	89.00808	103.18099	52.24208	35.43522	8.747776	 8.745131	94.29665	111.48735	59.03717	37.24457	8.855485	8.308707	90.61093	102.30465	1
PI376859	49.24187	33.94687	8.392044	7.505990	87.75292	101.83564	52.58933	35.64309	8.883986	 8.614191	89.87393	108.95820	52.81117	35.16290	8.501468	7.662367	86.54338	 99.59408	1
PI376870	59.29914	37.70044	8.714973	8.083637	83.44725	 98.21232	60.90566	37.91326	9.276864	 9.184791	88.00030	108.98486	60.64942	37.93262	8.846840	8.189143	85.06698	 99.08096	1
PI376923	63.03826	38.09077	9.006202	8.524017	86.52012	102.49881	65.72252	39.53825	9.168678	 9.717240	87.51046	110.95332	66.23758	38.87990	9.279953	8.696100	85.54899	100.33082	1
PI376951	44.74223	32.85642	8.336211	6.919804	78.84064	 94.08441	43.03161	32.95454	8.667604	 7.401034	80.92070	102.40444	45.06341	32.97111	8.251258	6.971548	81.69609	 97.15511	1
PI376952	46.19114	33.39036	8.474802	7.144883	81.65705	 95.07110	44.48047	33.06209	8.696821	 7.708453	86.36114	104.85486	47.06708	34.21067	8.557757	7.132330	80.91693	 93.11840	1
PI376989	40.19903	31.65938	8.162095	6.718736	79.19375	 94.32079	38.06910	31.49051	8.014486	 7.232826	86.31633	105.16539	39.89601	31.91901	8.115555	6.574804	78.32403	 93.61529	1
PI377001	52.83371	35.40324	8.795324	7.555721	83.20009	 96.64884	46.84493	33.47940	8.775803	 7.922283	87.83564	105.70013	51.68454	34.86082	8.646328	7.453852	84.98679	 96.43909	1
PI377014	46.92532	34.18551	8.274509	7.091608	79.83927	 95.43495	49.88754	34.67783	8.897773	 8.255951	89.53708	106.72385	47.75750	34.92860	8.509764	7.134513	79.02264	 93.14100	1
PI377022	43.11238	32.25015	8.075718	6.878823	81.76833	 96.66535	38.34719	30.93047	8.248769	 7.101023	78.24553	103.31604	44.32784	33.68090	8.510888	6.998748	78.90633	 95.36792	1
PI377039	41.21528	31.69934	8.004906	6.768967	83.73910	 97.29418	38.09377	32.53955	7.990100	 7.090898	85.85231	107.19122	41.15527	31.91728	7.783566	6.784197	82.74824	 97.63980	1
PI377048	55.08177	35.66017	8.581749	7.889301	90.19241	102.61263	53.84921	35.77543	8.942139	 8.763796	90.67828	109.76596	56.53191	36.32058	8.678058	7.975645	88.69248	100.94936	1
PI377081	41.06369	31.96546	7.952881	6.829378	81.16981	 97.16251	37.50766	32.25455	7.778974	 7.218387	89.92054	106.05522	42.92455	32.60964	8.079053	6.956264	84.07252	 98.01617	1
PI377138	51.94725	35.33913	8.478190	7.691232	88.85813	101.74366	49.02676	34.89187	8.733887	 8.396019	86.06610	108.52807	52.53429	36.02544	8.669969	7.732512	88.57182	100.62361	1
PI377141	44.16317	35.19211	8.415158	7.765744	89.00609	102.16890	49.05999	34.33263	8.471742	 8.255230	90.35842	109.55435	51.74136	35.08059	8.418570	7.617162	87.44741	100.36664	1
PI377147	43.87265	32.71825	8.212618	6.839968	82.37321	 96.72102	42.54941	32.66195	8.520459	 7.635782	81.79471	105.96727	42.56023	32.43055	8.057133	6.725694	80.94283	 95.81979	1
PI377167	41.78491	31.80488	8.161934	6.722846	79.79720	 95.60712	36.68660	30.26271	8.096336	 6.926904	80.02367	103.62555	41.31983	32.03148	8.252928	6.644229	76.93936	 92.81164	1
PI377186	52.53221	35.21234	8.625051	7.737143	88.34565	101.45498	50.64919	35.26313	8.831573	 8.473327	89.14322	108.89889	53.35046	35.75972	8.685722	7.696363	85.14420	 99.05334	1
PI377193	47.87488	33.99496	8.296965	7.192163	82.08380	 97.08822	45.81716	33.55091	8.217557	 8.056004	89.66893	111.54414	47.77158	33.76236	8.393303	7.061202	82.67506	 96.40444	1
PI377195	50.01199	34.61793	8.459079	7.479380	87.15160	 97.74265	50.48015	34.97985	8.955617	 8.239188	87.99510	105.93523	51.86844	35.69100	8.727901	7.486657	81.85311	 95.77893	1
PI377196	44.45935	32.81686	8.302659	6.940404	82.11471	 95.95284	44.31449	33.17692	8.784658	 7.608789	84.83868	103.59711	45.37731	33.30053	8.318402	6.942583	83.59804	 95.28086	1
PI377197	52.05450	35.96621	8.572781	7.679197	83.71351	 98.81772	49.03372	35.18262	8.583578	 8.336482	90.30708	109.09461	51.65267	36.21284	8.739717	7.769251	83.03700	 98.83379	1
PI377198	45.77611	33.26381	8.217535	7.117231	84.68354	 98.23563	44.40155	33.45622	8.646172	 7.602423	87.51303	104.58842	47.80678	34.38579	8.598878	7.116946	83.25561	 95.26088	1
PI377202	48.81705	34.42682	8.563439	7.293764	82.87204	 97.26987	46.22355	33.64547	8.314412	 7.872903	93.68892	109.05859	48.36502	34.46649	8.319177	7.166124	84.71678	 95.61252	1
PI377203	45.71840	33.38450	8.183989	6.864464	82.45583	 94.86803	43.62240	32.63698	8.262634	 7.577275	90.40760	108.05255	46.13233	33.47154	8.106809	6.938186	83.45742	 96.02180	1
PI377207	35.87084	29.57690	7.726087	6.113499	78.42716	 94.14634	36.57768	29.91562	7.914800	 6.677041	83.09202	103.31857	38.54001	30.90829	7.785552	6.306706	81.17055	 96.94546	1
PI377208	47.39026	33.74528	7.933528	7.163006	92.36562	 99.96596	49.08474	34.42141	8.436939	 8.239853	92.26665	110.50738	48.45048	34.58583	8.450397	7.172276	86.13854	 98.16868	1
PI377217	42.47341	32.07659	8.033025	6.767962	85.05885	 97.68771	41.18980	32.06068	8.221712	 7.353754	87.91694	106.26677	43.22142	32.49942	7.892273	6.917564	87.80792	101.14521	1
PI377220	61.12982	37.49134	8.712054	8.364716	91.63281	103.55943	58.28978	37.05757	8.861191	 9.180711	91.56874	111.70637	61.41233	37.93159	8.790583	8.357925	88.61817	101.67712	1
PI377223	49.63064	34.46720	8.438892	7.473176	86.02084	 98.70763	48.64896	34.51791	8.577566	 8.319432	90.99917	109.43263	50.83595	35.00192	8.481010	7.512169	85.72535	 98.95242	1
PI377228	50.11025	35.18757	8.772935	7.593645	85.20173	 98.73531	47.29556	34.05812	8.689969	 7.934238	88.21259	105.91053	51.31940	35.09142	8.606563	7.557438	83.99926	 97.67068	1
PI377231	43.11759	32.59216	8.081054	6.800555	87.08469	 99.22080	44.69302	33.50177	8.442939	 7.731363	89.67204	107.24341	46.08003	33.62594	8.421103	6.910568	83.33564	 95.13467	1
PI377232	46.98929	33.67744	8.333484	7.083015	81.33955	 97.07328	45.80471	33.32003	8.710292	 7.684903	82.51336	103.78616	47.23208	34.09523	8.497079	7.134272	81.57754	 97.98617	1
PI377233	50.34577	34.37321	8.335930	7.631708	86.10567	100.34284	47.54749	34.00607	8.378575	 8.167683	93.98418	110.97646	51.62360	35.93485	8.433847	7.758096	86.29555	 99.99632	1
PI377234	58.17961	36.64238	8.507108	8.123522	92.22028	104.89986	57.61982	36.49732	8.916508	 9.131372	91.72037	111.39454	61.61234	38.00323	8.625583	8.257676	86.11486	102.06790	1
PI377235	48.23543	33.20998	8.646968	7.283700	86.50050	 99.94102	48.45871	33.82820	8.659622	 7.955273	89.13049	106.35228	49.59252	33.57427	8.509410	7.416999	88.96009	101.44481	1
PI377238	35.86325	29.32393	7.370266	6.298957	86.46416	 98.88418	34.53063	29.03477	7.630201	 6.789468	90.61626	106.75482	37.54429	29.78573	7.477779	6.377223	85.11364	 97.91337	1
PI377239	54.54801	35.66055	8.316622	7.848191	94.32492	105.00381	52.79475	35.48722	8.692513	 8.624360	91.14034	110.56695	56.77740	36.58472	8.380376	8.004442	90.98447	103.28273	1
PI377242	49.78336	34.59909	8.153581	7.629544	88.01688	102.43357	46.54272	33.43861	8.456992	 8.103020	90.17207	109.28447	50.06197	34.67223	8.177323	7.633844	89.00131	102.84927	1
PI377244	59.90544	37.90268	9.327886	8.131546	88.48199	 99.78866	55.09531	36.67895	9.367816	 8.593128	89.74385	105.72954	60.22549	38.04222	9.245558	8.171251	86.68845	 97.34589	1
PI377248	42.39530	31.72854	7.818313	6.804010	84.50405	 99.43423	41.92288	31.86303	8.081352	 7.465171	85.90760	107.93705	45.03787	32.86625	8.031727	6.958827	84.46966	 98.26023	1
PI377249	45.88452	33.09658	8.199206	7.138557	84.03119	 97.81931	45.62469	33.38665	8.277148	 8.037032	91.35406	110.11638	47.47339	33.55068	8.202800	7.201205	86.60115	 98.75418	1
PI377250	48.32498	33.86079	8.344476	7.435626	87.32780	100.74550	46.64297	33.92012	8.574353	 8.123650	87.55304	108.75458	52.31187	35.45701	8.688253	7.649736	83.87342	 98.67804	1
PI377255	53.17961	35.58575	8.579120	7.790284	87.10087	101.18247	49.55720	34.84155	8.647388	 8.447773	88.70728	109.21331	54.07174	35.99260	8.407654	7.888860	90.00078	104.27277	1
PI377256	47.50338	33.43174	8.175376	7.280036	88.64219	101.33114	44.75723	32.77185	8.084980	 7.995004	95.40806	112.32747	47.01187	33.74499	8.158750	7.184509	88.49776	100.78931	1
PI377258	50.42111	34.66334	8.102877	7.389191	87.62381	101.63231	48.22774	34.28051	8.590613	 8.116866	85.81902	107.19645	51.96546	35.70626	8.631412	7.613626	81.56030	 97.71932	1
PI377259	53.69201	35.93215	8.686773	7.790013	86.90878	100.87160	51.61321	35.64813	8.922818	 8.523014	88.23699	108.06177	55.45895	36.72778	8.460085	7.738488	85.90791	 99.86960	1
PI377261	38.29926	33.28667	8.082947	6.583825	72.51309	 88.66078	38.14488	34.02557	8.119793	 7.335152	78.04460	103.11898	39.82466	33.90219	8.091615	6.590691	79.84939	 94.28319	0
PI377262	47.43214	33.70271	8.154218	7.304539	87.92526	101.58718	45.19628	33.10377	8.364086	 7.964499	89.39875	109.32750	47.97768	34.21388	8.226937	7.295063	86.23104	 99.59441	1
PI377263	42.19769	31.67481	8.040123	6.818416	85.46459	 99.05744	41.73896	31.89667	8.186680	 7.698941	85.73329	109.02552	43.44151	32.29557	7.949084	7.055312	87.41788	101.61239	1
PI377265	42.91847	31.74315	7.996208	6.818514	85.49064	 98.37818	39.79692	30.79812	7.828393	 7.483494	93.22796	111.73338	42.16265	31.79378	7.899178	6.793103	84.82508	 97.36417	1
PI377266	45.53398	33.39895	8.443512	6.992288	82.71178	 94.45096	42.15846	32.33765	8.476405	 7.491127	86.84842	104.96710	44.19956	32.70376	7.970031	6.949589	84.79347	 97.89676	1
PI377268	37.72786	30.05616	7.623790	6.276548	85.01742	 96.80921	38.25425	30.69203	8.188716	 6.869016	85.94325	103.55970	39.17015	31.46743	7.885798	6.351508	85.28505	 99.20207	1
PI377271	45.98111	33.09234	8.379142	7.151699	83.81289	 97.11950	45.05959	33.05443	8.246506	 7.731196	92.47062	108.50351	45.39340	33.11279	8.204997	7.072169	85.94844	 98.59452	1
PI377272	40.98645	31.64667	8.067042	6.621765	83.05098	 94.97860	38.99792	31.38266	8.486919	 7.138431	83.63975	102.28013	41.20317	31.80639	8.230008	6.538227	82.66600	 94.68152	1
PI377274	45.10316	33.04183	8.238933	6.960843	84.50834	 97.13459	41.69930	32.09453	8.285460	 7.443379	90.02516	106.46217	43.78812	32.83894	7.965828	6.866235	87.25614	 97.19690	1
PI377275	35.94533	30.11307	7.633731	6.162236	85.13777	 96.22414	35.45918	29.60148	7.881724	 6.630591	88.88335	102.68870	37.11829	30.01932	7.702574	6.276888	86.10843	 96.99274	1
PI377276	53.01476	35.45768	8.418839	7.625040	87.92418	101.91878	51.00058	35.00047	8.774250	 8.337187	89.47205	108.47416	53.20200	35.98266	8.585937	7.516345	83.30014	 97.33746	1
PI377281	48.40872	34.17527	8.310457	7.229678	86.52488	 95.87723	44.47717	33.00686	8.597406	 7.676548	87.62764	105.38306	50.32792	35.22874	8.711237	7.344672	82.54842	 95.67476	1
PI377283	47.72391	33.61115	8.502409	7.178324	84.92486	 97.88387	45.09116	32.92886	8.526286	 7.722707	88.46169	106.49497	48.17308	33.97532	7.841510	7.293788	85.58748	 98.58657	1
PI377284	51.86764	35.41617	8.785563	7.507539	82.73442	 96.59811	51.42446	35.40647	8.961794	 8.334039	86.99619	107.25270	53.66929	36.04849	8.818601	7.547058	82.32999	 95.59805	1
PI377286	36.84987	34.60706	8.094323	6.728454	67.15221	 84.85890	36.37971	36.25206	8.362959	 7.700638	62.74239	100.67321	37.96947	34.95273	7.977438	6.926188	67.26707	 84.19866	0
PI377287	41.80411	37.61805	8.574951	7.371178	61.30515	 74.34348	37.91749	37.15909	8.738668	 7.886882	59.59694	 90.99285	42.15958	37.84778	8.652606	7.482513	66.52688	 83.86384	0
PI377288	47.65929	33.66782	8.563878	6.915477	84.26086	 94.11134	45.60082	32.94691	8.994131	 7.344783	84.20386	 99.13813	47.40126	33.54582	8.494113	6.963813	83.16078	 94.90589	1
PI377296	53.28180	35.63703	8.931897	7.606472	83.74906	 95.57762	51.78478	35.56704	8.790422	 8.475382	89.01429	108.51840	54.37846	36.43182	9.011852	7.651005	82.21607	 95.09628	1
PI377297	49.09630	33.81945	8.274349	7.360059	90.11080	102.29430	50.98725	34.74709	8.710803	 8.332062	89.23855	107.20775	50.90111	34.39420	8.472320	7.405191	86.06632	 98.27259	1
PI377298	35.76899	29.17750	7.381213	6.109979	85.62793	100.43488	34.53850	28.67008	7.378855	 6.638353	91.64629	109.40710	36.16725	29.32712	6.990761	6.128985	88.77040	102.19819	1
PI377299	45.20517	32.83412	7.951620	7.130104	87.98063	102.04140	45.34486	33.12443	8.313274	 8.072248	87.75179	110.76210	46.02313	33.67472	8.159224	7.058915	85.53748	 99.08031	1
PI377304	52.61273	35.21441	8.678718	7.633110	86.85661	 98.82596	51.77816	35.22804	8.922906	 8.489859	88.94217	108.15016	49.20876	34.90272	8.494742	7.397921	85.81405	 97.03987	1
PI377305	44.28060	32.52702	8.074100	7.198577	87.50582	100.51959	43.69957	32.73217	8.126814	 8.058280	94.29596	111.49918	44.62536	32.85087	7.834017	7.204373	87.82556	100.27459	1
PI377306	48.54679	34.38608	8.539744	7.287394	82.21684	 95.93823	43.74270	32.78733	8.288346	 7.495457	86.69655	106.83394	48.06045	34.27135	8.358898	7.247517	84.40036	 98.58131	1
PI377308	47.36074	33.84160	8.649805	7.221719	79.01092	 94.92561	43.34797	32.79064	8.595442	 7.462764	85.05642	103.84123	48.58044	34.63473	8.582698	7.298310	81.89948	 96.24675	1
PI377312	48.68714	34.38773	8.389115	7.385230	85.91723	 99.29320	46.14826	33.70999	8.492544	 7.924659	92.81734	108.64347	48.46480	34.09347	8.346995	7.358975	86.55968	 99.71029	1
PI377313	47.26534	34.21581	8.461151	7.256159	82.23893	 96.58620	43.46000	32.97717	8.452076	 7.719148	88.76303	106.75761	47.91466	34.41219	8.450093	7.332428	81.88715	 96.01082	1
PI377316	45.14861	32.99885	8.395488	7.206852	80.85194	 96.53060	48.15302	34.34343	8.688008	 8.266727	88.93689	108.27145	48.81115	34.67998	8.436013	7.459947	83.89877	 96.86998	1
PI377338	50.03496	34.46423	8.428779	7.554678	85.78629	 99.81367	48.05329	34.11571	8.817230	 8.123880	91.09181	106.32289	51.75030	35.02419	8.636131	7.635240	85.87379	 98.21558	1
PI377342	38.16029	36.83092	8.213198	6.903227	61.60927	 76.92253	35.86490	37.24899	8.613115	 7.510060	56.13378	100.44081	38.07128	36.46305	8.233949	6.869870	67.40635	 77.00491	0
PI377349	47.47794	33.09618	8.273981	7.113258	88.71476	100.26048	47.34598	33.54604	8.563039	 7.973210	92.28061	107.81649	49.23211	33.79926	8.379500	7.321505	85.36481	 98.39151	1
PI377354	45.02566	32.79611	7.865586	7.225682	88.10144	103.72628	43.95251	32.88511	8.372050	 7.964128	86.74149	108.95247	47.19570	33.73684	8.309998	7.343604	84.00839	 98.17424	1
PI377363	52.75534	35.95540	8.811987	7.843739	83.34066	 99.79478	51.16055	35.46341	8.668740	 8.705866	88.18862	110.84425	52.53486	35.74588	8.597244	7.788180	84.14427	 99.06691	1
PI385297	42.64390	32.33189	7.879217	6.903782	84.81624	100.23828	41.67375	31.84675	8.165560	 7.451353	89.02318	106.69887	45.26014	33.03961	8.116824	7.051411	87.39816	 99.22289	1
PI385298	54.85602	35.66321	8.751120	7.838681	85.50806	 99.46277	54.55300	36.02035	9.190308	 8.623776	87.14419	107.00011	53.98933	35.77663	8.676160	7.843623	85.42135	 99.94841	1
PI390419	54.89357	36.34880	8.630002	7.959240	86.83639	100.64346	56.09932	36.51691	8.936267	 8.822358	90.60834	109.19223	57.90189	37.51319	8.789819	8.042261	85.46152	 98.38553	1
PI413223	44.04472	32.47287	7.818537	7.148186	89.98039	103.11052	39.81922	31.34136	7.823805	 7.339757	93.01163	109.02669	43.71313	32.58350	7.844501	6.995541	87.71843	100.00590	1
PI413239	42.74643	33.62459	8.173895	6.822138	81.51650	 94.34938	37.90301	30.79728	7.948893	 7.053471	86.15265	105.08224	42.22568	33.26592	8.197339	6.722915	78.19846	 92.65535	1
PI424964	41.91322	32.13089	7.941691	6.733079	79.68682	 93.61561	43.03279	32.59772	8.513877	 7.728011	87.44330	106.58142	44.20066	33.10967	8.401496	6.847739	81.20443	 94.10796	1
PI424984	60.43714	37.76077	8.891320	8.346058	88.31572	101.25750	62.85973	38.71485	9.336290	 9.432758	90.65955	109.83993	59.17886	37.70414	8.737909	8.332387	87.93243	101.16542	1
PI425007	39.62194	31.17875	7.882184	6.470337	83.84841	 96.71772	41.91661	32.22196	8.214642	 7.473939	89.64289	107.60764	40.95141	31.64335	7.937186	6.591109	83.23564	 96.90378	1
PI425029	45.01168	32.84754	8.147521	7.163681	84.83393	 99.77287	43.74513	32.90151	8.244356	 7.979890	89.45497	110.61752	47.12386	33.66770	8.284571	7.301773	85.14330	 98.20536	1
PI425038	56.82876	36.10986	8.554642	7.979355	89.82682	101.29686	55.46023	36.08021	8.995232	 8.831275	90.87254	109.38419	59.68732	38.12671	8.903320	8.116908	87.31604	100.55944	1
PI425045	55.34817	36.12341	8.777625	7.755260	83.21173	 96.66623	51.65373	35.48775	8.960769	 8.409984	85.97971	106.80710	52.86170	35.57181	8.767380	7.600120	84.57921	 97.91505	1
PI425085	59.10748	37.00120	8.955195	8.125003	88.41121	100.53523	56.75880	37.39527	9.161062	 9.126088	85.81750	109.88163	58.59235	37.29161	8.873403	8.133338	85.65118	 99.47495	1
PI425130	42.18574	32.20772	8.080700	6.829386	84.81707	 97.85922	39.23370	31.43488	8.127142	 7.388795	88.02304	107.30730	45.37420	33.56474	8.258480	7.051344	84.32312	 97.76833	1
PI425136	42.71345	32.89351	8.075345	6.824290	82.04106	 98.04931	42.11959	32.20633	8.365722	 7.472706	86.21130	106.29294	42.11352	32.49218	8.072400	6.767212	83.44113	 97.04823	1
PI425138	49.71247	34.62102	8.602410	7.414619	81.48751	 98.22123	47.37973	34.09067	8.646831	 7.991829	83.61352	106.59302	49.98824	34.77732	8.670423	7.338296	80.35278	 96.00582	1
PI425160	55.08597	35.79882	8.699733	7.784018	85.02239	 98.57694	54.45555	36.06382	8.850841	 8.627176	93.23232	109.33189	55.25914	36.18397	8.911450	7.889508	86.06832	 98.46842	1
PI425169	51.96088	35.33213	8.657454	7.600770	82.13752	 96.98387	48.13193	34.06367	8.685205	 8.196113	89.62657	108.12735	52.69431	35.61829	8.596423	7.710033	84.26121	 97.56390	1
PI425192	45.52540	32.96282	8.247082	6.946922	83.39091	 97.32871	43.11968	32.60493	8.514205	 7.630927	84.20759	106.06472	45.97543	33.94974	8.357799	7.036101	81.94977	 96.44876	1
PI425201	51.24565	34.52500	8.397395	7.461474	85.92438	100.37834	51.69958	35.07641	8.833434	 8.371283	88.55410	109.05587	53.82696	35.48809	8.692714	7.638501	85.02128	 98.65599	1
PI425212	41.35871	31.44431	7.710993	6.748046	87.08798	100.59351	42.42779	31.81506	8.133394	 7.578958	91.58447	108.20515	42.20857	31.56264	7.725257	6.753330	88.01132	 99.03183	1
PI425219	46.51988	33.61687	8.484508	7.207060	80.57483	 96.28908	46.83577	33.97913	8.702944	 8.066874	86.29315	107.07937	48.77872	34.42652	8.587107	7.297805	81.72328	 95.98052	1
PI425229	59.49018	37.56985	9.029641	8.221335	82.70113	 97.75346	56.28642	36.92581	8.680838	 8.957346	89.92042	112.79427	58.03733	37.29330	9.186809	8.154853	81.25681	 98.49224	1
PI425240	52.92601	35.21459	8.147336	7.723967	89.89885	101.85975	59.25024	37.87886	9.313387	 8.931267	87.83106	107.87546	58.76404	37.10670	8.840567	8.068774	88.72805	 99.85205	1
PI425254	54.43105	35.90744	8.614384	7.736187	91.73660	103.09875	52.03154	35.21482	8.796462	 8.491012	90.48442	109.09910	54.97262	36.14787	8.841666	7.688206	86.03936	 98.19404	1
PI425259	50.19382	34.76030	8.687653	7.480903	82.16440	 97.24401	44.37608	32.85926	8.716151	 7.596731	85.73906	103.89020	51.32123	36.50925	8.890331	7.576234	78.40979	 95.58770	1
PI425261	40.00520	31.10732	7.881193	6.525528	80.86687	 95.18592	40.70773	31.61069	8.257004	 7.487653	85.63747	107.63360	41.07791	31.67487	7.676733	6.601379	82.66189	 96.42083	1
PI425263	42.45766	32.24282	7.938328	6.802018	83.93697	 96.47898	43.13185	33.22813	8.491309	 7.800042	82.19938	105.75500	42.98048	32.37014	8.204131	6.917250	83.90261	 97.73583	1
PI425269	72.03166	41.45419	9.550169	9.116232	88.98786	102.61807	71.35913	40.86371	9.483634	10.192138	95.67168	113.16211	69.00410	40.58347	9.361200	8.929682	88.63304	102.44578	1
PI425270	43.99789	33.18666	8.226350	7.115648	81.67606	 99.71550	42.19418	32.53000	8.518400	 7.401617	82.44757	107.17390	47.33504	34.40675	8.243790	7.294170	85.68162	 98.65940	1
PI425271	51.27060	35.03952	8.234188	7.633432	90.83384	103.03635	50.30889	35.19007	8.994096	 8.345146	86.00825	106.10612	51.79675	35.83048	8.193980	7.484938	84.17506	 97.51459	1
PI425274	48.44596	33.99458	8.252463	7.503804	86.86303	101.16656	45.44091	33.58893	8.310511	 8.032564	89.77158	109.51703	49.93484	34.64394	8.224095	7.589818	88.70028	101.98706	1
PI425330	44.95255	32.46474	8.033128	7.113191	86.37652	 99.69716	43.15446	32.27530	8.266236	 7.660869	90.61750	107.30270	45.77880	32.87647	7.801539	7.200853	87.66458	101.13328	1
PI425345	46.93350	33.90143	8.668032	7.008439	80.35015	 93.58895	43.14720	33.46544	8.532518	 7.614756	88.14521	103.74724	47.78092	34.34977	8.479643	7.159951	80.05987	 93.36810	1
PI425383	45.70390	33.48804	8.177346	7.140648	84.15428	 99.38544	42.84646	33.04248	8.670616	 7.491672	82.82003	103.85745	46.98648	33.92885	8.489246	7.134945	83.45569	 97.38464	1
PI425385	43.92969	32.55015	8.133194	6.934817	85.51019	 98.51131	44.26954	32.69622	8.255725	 7.757896	87.05202	109.30572	45.45111	32.99401	8.240752	6.992741	84.64132	 97.13896	1
PI425387	43.64188	32.55083	8.170266	6.903421	83.69951	 97.16361	43.87125	33.24856	8.439730	 7.765343	86.61663	107.31483	44.90840	33.11014	8.044030	7.017487	84.88258	 98.32897	1
PI425388	47.34330	34.00092	8.483865	7.206862	83.26345	 96.95973	46.45970	33.75894	8.673230	 7.934942	85.82692	106.15565	46.30577	33.37921	8.238169	7.199424	86.64963	 99.49062	1
PI425389	42.52408	32.17065	8.127725	6.780149	83.64589	 97.97890	40.82875	31.65734	8.339656	 7.326255	83.70511	104.88189	41.96021	32.19008	7.975480	6.715024	82.06324	 96.76575	1
PI425399	50.97679	34.38494	8.399978	7.707100	90.84832	104.31173	49.26085	34.00141	8.452845	 8.316169	92.68756	111.36928	51.14921	34.56503	8.001206	7.752403	94.77896	107.16065	1
PI425413	47.41163	33.64263	7.979767	7.302805	88.69323	101.39883	46.40400	33.26647	8.250716	 8.182088	95.14967	111.23806	49.70210	34.35348	8.377618	7.496411	86.92543	 99.29441	1
PI425418	49.72024	34.31413	8.294470	7.476548	86.06777	 98.46037	46.43364	33.43899	8.645671	 8.087542	89.88965	107.42738	50.05612	34.66563	8.492634	7.520650	86.17261	 98.90401	1
PI425421	48.30006	34.53350	8.079975	7.292092	86.22841	100.99427	46.61803	33.98623	8.574271	 8.025769	88.91697	108.19658	48.23704	34.38994	8.320140	7.209884	84.02718	 97.16317	1
PI425422	44.50202	34.07044	7.979281	7.245655	79.29491	 99.03925	46.59491	34.38937	8.505231	 8.181230	89.92251	108.46237	47.12554	34.46732	8.402958	7.338753	84.43642	 98.39605	1
PI425423	48.01183	34.09473	8.227324	7.295417	89.21229	101.20489	46.45516	33.57291	8.669825	 7.995862	84.93767	106.58234	48.81393	34.20674	8.428774	7.255522	85.25950	 98.12505	1
PI425424	46.20943	33.74745	8.130540	7.226329	86.17788	 98.63654	46.97464	34.64373	8.928060	 8.161941	86.24197	105.92724	46.10761	34.14642	8.443743	7.045928	88.47282	 97.36687	1
PI425425	46.38387	33.95103	8.397868	7.223625	80.74137	 96.97065	45.09526	33.39669	8.552683	 7.883623	86.80560	107.95431	48.43651	34.47180	8.652759	7.319426	81.24735	 95.87374	1
PI425435	43.47611	32.30247	8.077502	6.884093	84.68110	 98.71904	43.09824	33.00564	8.081637	 7.828839	87.03971	110.38793	45.00516	32.89512	8.025679	6.936239	84.34782	 97.35395	1
PI425446	48.93571	34.33243	8.574270	7.209777	83.93171	 97.25257	47.67170	33.90500	8.858940	 7.909572	83.07139	104.91452	49.21837	34.41008	8.592321	7.263752	83.05843	 96.44185	1
PI425456	48.10720	34.17946	8.424240	7.179485	84.70787	 98.03861	47.65888	34.13585	8.235512	 8.117579	89.38441	110.15042	48.32460	34.90852	8.315447	7.135479	83.83663	 94.62695	1
PI425459	40.82558	31.57631	8.061749	6.638750	80.77764	 94.90209	39.43157	31.42510	8.033044	 7.459743	86.20200	109.82859	41.20684	31.78259	8.061426	6.623390	82.75989	 95.75755	1
PI425463	64.98055	38.87860	9.381787	8.543700	86.18038	 99.37488	65.83484	39.30411	9.551983	 9.465068	89.90384	108.98619	66.74644	40.13214	9.833457	8.531723	81.75112	 95.92960	1
PI425481	48.15871	33.76322	8.479206	7.251304	87.75801	 98.85691	50.16452	34.75576	8.835780	 8.302056	89.76159	107.76892	50.33283	34.63028	8.580215	7.459390	84.30018	 97.28449	1
PI425483	58.78326	36.61072	9.096889	8.062282	84.15046	 97.43031	58.17438	37.42696	9.677821	 8.853637	82.94410	105.13212	61.07090	37.77694	9.397861	8.119177	84.53569	 96.09768	1
PI425484	40.86799	31.09354	7.927848	6.714304	86.91867	 98.65688	42.01570	31.85088	8.399921	 7.466336	86.71822	105.82801	42.57020	31.89284	7.927720	6.742420	86.53726	 97.60299	1
PI425485	49.40499	34.51523	8.633825	7.332946	82.02773	 96.28284	51.75364	35.55986	8.801515	 8.405374	88.90788	108.83962	49.86985	34.71190	8.471449	7.372702	83.61693	 97.12777	1
PI425503	35.74985	29.90669	7.457795	6.268744	85.68202	 99.83625	34.32847	29.19623	7.507724	 6.782415	87.43138	109.17656	37.85056	30.21688	7.578274	6.388022	88.65116	100.82593	1
PI425504	45.47062	33.08819	8.152221	7.100437	85.50710	 98.09561	45.04019	32.81959	8.277898	 8.011546	93.93368	110.74043	45.87049	33.07517	8.094917	7.031037	87.34606	 98.39226	1
PI425506	43.31804	32.62155	8.160266	6.850989	80.50829	 94.29515	39.87167	31.33880	8.128066	 7.272015	88.22323	106.17993	42.78626	32.20417	8.140158	6.724401	80.48730	 93.76091	1
PI425507	41.69675	31.69122	8.135283	6.639738	83.25052	 96.48470	38.10681	30.36674	8.064145	 6.952259	90.31800	104.31815	40.54717	31.61054	8.054510	6.543546	85.36605	 95.98633	1
PI425508	44.21971	32.63877	8.146320	6.932605	84.10346	 97.01640	41.83795	32.23700	8.319394	 7.586960	89.40125	108.62000	43.70794	32.80062	8.170209	6.878197	83.04225	 97.04381	1
PI425509	38.19121	30.77722	7.836611	6.337890	83.70545	 96.06164	36.81470	29.79483	7.851622	 6.901200	91.67793	105.89665	38.22580	30.78467	7.831019	6.281194	84.15828	 95.54040	1
PI425510	47.68024	33.84536	8.332425	7.256299	87.46074	100.20154	46.61894	33.65196	8.787766	 7.874635	87.63530	105.51363	50.08021	35.07164	8.691344	7.339794	82.02180	 96.42967	1
PI425511	43.70764	32.82209	8.097870	7.061051	83.74679	 98.48042	41.66932	32.23685	8.280342	 7.753912	84.20654	108.94783	44.72040	33.29528	8.325294	7.099083	83.01820	 97.48291	1
PI425512	47.51856	33.46163	8.373086	7.264851	83.10795	 97.88539	47.06205	33.47039	8.663032	 7.952230	86.11573	106.56509	49.80014	34.50941	8.498674	7.448955	83.88377	 97.53154	1
PI425513	55.33240	36.32863	8.875193	7.885594	81.52801	 97.79979	52.38990	35.30159	9.050068	 8.414100	86.98794	107.00819	54.49240	36.39275	8.848134	7.593896	82.04557	 96.12221	1
PI425514	50.94000	34.48821	8.643165	7.566559	84.87398	 98.49945	52.44013	35.69667	9.109721	 8.583676	85.48890	107.33896	53.39175	35.67053	8.909708	7.675095	83.15724	 96.76563	1
PI425515	51.48630	35.89438	8.886695	7.427199	79.25295	 93.41490	53.34584	35.77567	9.210414	 8.470372	86.73163	106.30175	53.29551	35.97595	8.937848	7.575554	81.05906	 95.52484	1
PI425517	49.63338	34.18819	8.482042	7.380938	86.21070	 98.01207	46.87925	33.42872	8.441654	 8.202105	91.74768	109.99668	50.49026	34.53447	8.226727	7.540933	87.78030	 97.15300	1
PI425518	51.22348	35.30168	8.581833	7.583731	82.94207	 97.44329	49.74023	35.09325	8.736962	 8.524629	86.98429	109.65808	52.15280	36.28051	8.336947	7.614117	85.72956	 96.35198	1
PI425520	38.03957	30.85878	7.899874	6.360287	82.82576	 94.44771	38.34753	30.97224	8.295429	 7.183640	83.92516	104.25145	38.34547	30.98585	7.875656	6.426859	86.09685	 97.13290	1
PI425521	42.98968	32.37454	8.181426	6.744552	79.47857	 93.81808	41.12674	32.22256	8.634902	 7.297516	79.92555	102.56642	44.77325	33.42928	8.584579	6.788983	77.53800	 91.60635	1
PI425522	60.42988	36.93918	8.682223	8.170820	87.54641	 99.75249	60.02519	37.28784	8.813177	 9.388557	91.07972	113.80632	53.56878	37.82465	9.131602	8.291743	83.62175	 97.35839	1
PI425523	56.29668	36.70818	8.909634	7.931647	85.40225	 98.34569	53.26559	35.92752	8.942427	 8.737841	90.91959	109.64063	57.81046	37.57381	8.805753	8.012874	83.17167	 96.82331	1
PI425527	61.64766	38.03007	8.816849	8.130281	85.59747	 97.31826	56.15651	36.09884	9.158713	 8.862177	89.66105	108.75408	64.48487	39.03974	9.211901	8.314050	84.12515	 96.70858	1
PI425528	42.65235	32.27720	8.005238	6.890327	83.01899	 97.52347	39.50976	31.44750	8.013955	 7.386013	82.65878	107.69733	43.55019	33.01303	8.385285	6.968794	79.69321	 95.03510	1
PI425529	52.37200	35.23881	8.496977	7.645936	85.07231	 99.23693	49.00641	34.28263	8.423387	 8.446702	91.95377	111.57193	53.53304	35.92633	8.511110	7.670540	83.03862	 97.05479	1
PI425531	52.97905	35.51597	8.650788	7.749899	83.58493	 98.56217	53.91399	35.40020	8.814832	 8.560265	89.93244	108.96955	54.05061	36.08792	8.834591	7.839848	82.54997	 98.39849	1
PI425533	59.82980	37.32011	9.099288	7.986541	86.79358	 98.65557	58.77532	36.92144	9.241367	 8.858343	87.92549	108.07863	61.24216	37.70506	9.473782	8.044228	82.84519	 95.54023	1
PI425534	44.68072	32.54525	8.136185	6.994290	86.00437	 98.62359	43.53067	32.21025	8.420737	 7.596675	89.66140	105.86266	45.26668	32.92723	8.186793	7.057191	86.81068	 99.29995	1
PI425535	49.42093	34.20668	8.538476	7.495660	85.51129	 99.79346	46.24816	32.82807	8.333286	 7.954962	90.16290	109.38712	49.54056	34.47371	8.442029	7.430232	85.26792	 98.31437	1
PI425536	39.69228	31.15687	7.687785	6.523228	90.11484	101.64756	36.06204	29.58873	7.960095	 6.599796	82.50242	102.38875	41.01415	31.57469	8.012869	6.496405	81.58167	 94.81851	1
PI425537	46.63523	33.26825	8.330891	7.153701	86.00485	 98.58225	46.32696	33.49888	8.545237	 7.881809	88.57640	107.85124	46.15615	33.41966	8.323908	7.054322	84.28679	 96.40824	1
PI425544	50.63986	34.51133	8.109126	7.616793	80.93732	 96.38334	52.35414	35.30258	8.808026	 8.689073	89.71506	110.38078	54.29944	36.09602	8.813451	7.775673	85.20066	 97.43950	1
PI425546	46.46892	33.11213	8.169889	7.330841	86.00280	101.84048	45.93025	32.71596	8.180773	 8.022053	93.76695	111.16366	46.83188	33.71180	8.241327	7.265112	84.86885	101.02864	1
PI425548	44.62808	32.71314	8.273271	6.990230	82.24648	 97.26076	41.19477	31.41831	8.185583	 7.437469	87.97510	107.55349	45.15256	33.16074	8.570945	6.993376	81.37644	 94.02916	1
PI425550	53.33642	35.63630	8.824312	7.627715	85.08039	 96.86454	56.29215	36.08950	9.040918	 8.849716	90.08570	109.60267	52.44322	35.49676	8.452160	7.640104	84.52343	 97.88512	1
PI425551	53.14666	35.51622	8.440000	7.686073	86.88570	101.77079	55.21217	35.84029	8.380709	 8.823944	94.81346	114.03212	54.19089	36.21244	8.419206	7.860171	84.33264	100.82452	1
PI425552	51.04405	35.03424	8.613476	7.584187	85.89858	 99.49264	52.63873	35.62452	8.657801	 8.744574	93.92786	111.87032	52.05185	35.55846	8.702875	7.631801	84.64106	 98.17284	1
PI425553	55.96769	36.56566	8.773308	7.733965	86.37385	 99.31591	53.06579	35.94070	9.078932	 8.568885	86.23620	107.49814	55.83368	37.09865	9.025298	7.857157	82.44518	 97.62735	1
PI425554	49.76961	34.78006	8.288707	7.481216	87.34590	100.87699	49.38290	34.70106	8.518859	 8.340310	90.75142	110.04431	49.47613	34.92706	8.624799	7.435191	82.12750	 97.55141	1
PI425555	52.41078	35.17969	8.782294	7.502075	85.49123	 97.79977	52.85358	35.57666	8.907365	 8.439941	87.99800	107.99196	54.86801	35.85273	8.726775	7.656445	86.65915	 99.13254	1
PI425557	55.43361	36.16821	8.884737	7.746730	90.31945	 97.96745	56.39492	36.42202	8.897345	 8.874199	87.56426	111.17871	56.99985	37.04598	9.071482	7.793032	81.66907	 94.03786	1
PI425559	55.20962	35.95757	8.962033	7.833356	84.59885	 98.88029	56.96508	36.62961	9.416096	 8.944006	84.69467	107.22109	59.07413	37.71017	9.419582	8.065597	80.96495	 97.09201	1
PI425569	59.61657	37.13448	9.105113	8.310953	86.06014	102.53325	56.28824	36.63843	9.267774	 8.827789	86.08042	108.10101	60.82895	37.68893	9.316907	8.299085	85.96211	 98.36602	1
PI425570	50.93227	34.99235	8.405252	7.574895	87.01465	102.69052	50.94303	35.50863	8.548188	 8.444382	91.01648	110.74964	51.23067	35.16683	8.372164	7.635951	85.13250	101.08949	1
PI425572	45.28694	32.87930	8.093785	7.097125	86.58764	 99.17592	43.34993	32.35357	8.271429	 7.749951	90.83288	108.70609	45.02729	32.82329	8.087178	7.100965	86.87400	 99.16722	1
PI425573	47.60291	33.79374	8.047537	7.267011	87.13859	101.41973	47.74456	33.63001	8.457558	 8.069158	87.35200	107.90806	48.11526	34.30184	8.259427	7.312829	84.87200	 99.04104	1
PI425574	55.27388	35.66405	8.290892	7.948535	91.84821	105.70453	52.76473	35.14039	8.652439	 8.692402	93.34764	111.70460	57.11607	36.33449	8.809373	8.034660	89.03057	101.29682	1
PI425575	55.28572	36.38204	8.846043	7.866330	82.50302	 98.24962	52.12903	35.36692	9.034739	 8.502694	82.53238	105.57183	54.17101	36.67124	8.964262	7.800847	80.92461	 96.96218	1
PI425577	44.63721	32.57431	8.303961	6.942036	84.50699	 97.27075	45.53830	32.69469	8.488038	 7.833537	88.89939	108.08519	44.69278	32.81456	8.248267	6.901446	82.38434	 95.82691	1
PI425578	44.51460	32.63153	8.242810	6.944607	82.49889	 94.99540	43.59187	32.39550	8.761661	 7.248923	81.58475	102.62490	47.46479	33.64643	8.303800	7.064126	81.04235	 96.68363	1
PI425580	55.46836	36.13826	9.057544	7.686198	82.16990	 97.01598	54.13419	35.76972	8.814768	 8.695646	83.91620	108.35044	54.05670	36.01178	8.769533	7.661984	81.35656	 96.90061	1
PI425581	46.08752	33.56137	8.432293	7.249163	83.49511	 97.46200	44.90487	33.12868	8.538671	 7.912462	90.94649	109.26376	46.47044	33.39458	8.270890	7.279947	83.99521	 97.64278	1
PI425582	49.61384	34.52627	8.478227	7.591787	86.33071	 99.69722	49.84727	34.25316	8.761336	 8.445546	92.42315	109.11712	52.69648	35.49067	8.886973	7.685855	82.39283	 96.38871	1
PI425583	51.41887	35.23542	8.681154	7.653254	84.66084	 98.03331	51.33490	35.71932	9.061015	 8.450168	88.52273	107.39714	52.80597	36.14243	8.823706	7.634355	82.00175	 95.38470	1
PI425585	46.25454	33.19844	8.488307	7.100148	83.28963	 96.44681	46.33087	33.52957	8.691635	 8.038835	86.91560	107.38927	45.33853	33.22570	8.515944	7.045539	82.73717	 94.95898	1
PI425586	51.52945	35.00256	8.737010	7.585614	86.09072	 98.96442	50.45605	35.73500	8.501071	 8.432115	86.62119	106.63505	50.56741	35.23228	8.649471	7.414776	82.59214	 96.18110	1
PI425587	56.02213	36.08874	8.687169	7.896001	89.57129	101.82151	55.80042	36.08890	8.410130	 8.740464	94.84388	112.66380	55.25252	36.21774	8.706622	7.839021	86.17924	 99.47156	1
PI425591	45.09386	32.83849	8.329224	7.065705	83.56730	 96.63517	47.65744	33.76156	8.493638	 8.169440	93.56209	109.81962	46.25147	33.48545	8.253512	7.126419	83.83309	 96.12103	1
PI425592	50.38429	34.70594	8.679594	7.474828	82.42140	 96.72025	51.31447	35.41489	8.862549	 8.406311	85.99568	107.99494	51.77806	35.53028	8.850121	7.575800	82.98065	 96.75937	1
PI425593	50.57676	35.94440	8.726301	7.940402	90.16562	102.04401	52.22544	37.11494	8.999683	 9.159129	93.48805	111.36710	59.28430	36.56089	8.768281	8.013796	87.85728	 99.47554	1
PI425594	51.23335	34.40291	8.122108	7.576088	92.29129	104.22745	52.41781	34.84020	8.293542	 8.732717	96.24584	114.19149	49.21783	33.91487	8.367291	7.404356	87.27537	 99.37390	1
PI425599	51.32347	35.20878	8.530068	7.520275	81.71079	 97.54573	52.44092	35.26712	8.858157	 8.547217	89.06400	109.09890	53.34294	36.33777	8.357081	7.581728	82.47827	 97.63260	1
PI425600	53.97416	35.74397	8.553697	7.670936	87.05566	 99.82212	51.11816	35.02383	8.765503	 8.535951	87.85919	109.56421	55.15491	36.33552	8.669472	7.716270	85.14634	 98.81432	1
PI425604	45.30355	32.94643	8.036135	7.087474	85.17297	 98.22783	41.19018	32.06075	8.413340	 7.585273	83.71663	106.10581	46.12550	33.49941	8.375138	7.124196	81.03157	 96.72496	1
PI425606	53.28114	35.73734	8.853378	7.530306	83.86397	 97.32586	48.08317	34.44654	8.935214	 8.170205	83.09578	105.95014	53.71462	35.26876	8.513010	7.627001	86.93125	 99.33067	1
PI425608	50.71598	34.71029	8.714341	7.518500	81.93324	 97.94591	47.52410	33.93711	8.482655	 8.066508	83.57683	107.07005	51.21349	35.07367	8.182003	7.461498	86.58482	100.73073	1
PI425610	40.62948	31.84305	7.855346	6.576307	86.40715	 95.27447	39.28336	31.09755	7.890609	 7.293474	84.87473	106.80157	41.08734	32.16463	7.973563	6.555582	80.23631	 94.03608	1
PI425614	49.96791	34.52736	8.292256	7.557039	88.52571	101.24003	45.79819	33.43877	8.288512	 8.130682	89.45011	111.22572	51.25426	35.59599	8.437597	7.577569	88.55281	 98.47961	1
PI425615	51.45078	35.46025	8.535134	7.575904	84.96120	 99.20767	45.36232	33.22174	8.332470	 8.130550	89.38881	110.68604	50.84203	35.40962	8.210156	7.628911	87.30679	100.78531	1
PI425627	53.61417	36.37853	8.634578	7.656475	86.75992	 99.50350	48.56385	34.28522	8.592629	 8.339917	91.05484	109.77672	55.75919	37.10770	8.904276	7.799855	83.25043	 96.77231	1
PI425634	40.59145	31.28031	7.899574	6.457394	82.59103	 92.75417	38.45861	30.59086	8.401598	 6.835578	81.42295	 99.00707	43.55121	32.07064	8.028533	6.674996	82.90762	 96.93462	1
PI425646	45.38392	33.33962	8.238606	7.116049	84.40069	 99.05362	42.49583	32.33271	8.232566	 7.796974	87.14409	108.90859	47.90178	34.48421	8.466263	7.326954	82.85013	 98.23180	1
PI425652	52.67305	35.54881	8.538619	7.612415	83.07451	 98.38856	49.09093	34.83732	8.896371	 8.282411	83.89300	107.62046	54.92737	36.56137	8.719877	7.802776	84.54808	 98.28593	1
PI425696	50.57261	35.94942	8.602872	7.434871	82.29509	 96.57560	48.67559	34.39222	8.239980	 8.316914	92.73161	113.02602	51.80495	36.04494	8.128061	7.414720	86.96958	100.13270	1
PI425702	53.98127	36.69533	8.421407	7.788469	85.39336	 99.45773	51.53146	35.51983	8.987666	 8.619732	85.22132	108.80826	55.77213	36.90116	8.858650	7.814008	83.12482	 97.59790	1
PI425707	52.90602	35.70577	8.482121	7.718655	83.76809	100.03112	50.21037	35.04938	8.684449	 8.538078	89.84735	111.55327	54.49807	36.62803	8.640197	7.796567	83.85965	 98.90792	1
PI425714	51.77852	35.76759	8.451672	7.780027	83.96674	100.34630	45.92015	33.94541	8.536672	 8.223559	84.66436	109.61021	52.92576	35.85090	8.248630	7.693247	86.12766	 99.86556	1
PI425725	47.64497	33.93513	8.290538	7.305198	84.09285	 99.08323	43.91808	32.68886	8.382637	 7.864916	86.43591	108.52840	47.47021	33.76001	8.036142	7.258237	87.96015	101.49994	1
PI425726	49.45702	34.83119	8.420511	7.503596	83.19126	 99.01897	47.53262	34.02163	8.654553	 8.314420	87.53554	109.42050	49.41851	35.08358	8.476531	7.416344	84.37311	 98.61709	1
PI425742	49.12945	35.21876	8.508773	7.341562	82.43472	 96.67892	46.06613	33.82973	8.672829	 8.171994	85.30971	108.11301	48.97025	35.09121	8.051971	7.343247	85.31460	 98.41704	1
PI425765	48.04917	34.97203	8.585599	7.243158	79.37441	 94.46376	44.32161	33.74260	8.215332	 7.997908	82.51076	106.87344	47.15151	35.14849	8.098451	7.121898	80.52135	 97.59023	1
PI425766	45.98584	33.90954	8.583427	6.946147	80.52186	 93.36342	47.17703	34.06654	8.777636	 8.032154	84.94082	106.29139	47.84811	34.80817	8.500083	7.169248	80.87145	 95.40269	1
PI425768	41.48715	31.28281	7.727808	6.653392	82.89571	 96.85846	41.19338	31.45047	8.364101	 7.209830	84.45765	107.45054	42.42089	31.65459	7.975846	6.657162	82.88317	 94.88189	1
PI425771	45.54701	32.98408	8.100520	7.465281	89.01164	103.56846	45.49381	32.91391	8.202561	 8.261337	94.32410	112.37364	48.05819	33.86444	8.089009	7.638116	88.32536	103.37893	1
PI425798	61.82470	38.17269	9.372402	8.363610	87.30293	 99.47395	61.17533	38.23799	9.672167	 9.265692	87.97073	107.92295	63.41119	38.63181	9.283127	8.473490	85.06064	 98.34755	1
PI425810	61.46844	38.25470	9.289933	8.167913	89.48967	 99.68944	60.18028	38.25417	9.606430	 9.073103	85.58697	106.49018	59.14059	37.75553	9.343445	8.136912	83.07414	 96.92828	1
PI425811	53.80393	35.43564	8.958403	7.663689	83.67377	 96.93438	49.97788	34.54064	9.049192	 8.347652	85.32729	106.68912	52.62330	35.08253	8.944294	7.651247	81.48968	 96.19124	1
PI425814	57.70605	37.28879	9.185704	8.035580	86.96619	 98.13869	59.63009	38.16568	9.432664	 9.116077	88.25364	108.17085	58.32650	37.48231	8.871787	8.092562	85.57863	 99.04925	1
PI425815	43.26334	32.10719	8.154439	6.912792	83.05379	 97.76053	43.70266	33.59591	8.163806	 7.777970	88.36956	109.94692	44.07666	33.01213	8.145164	6.944941	82.58460	 97.15356	1
PI425816	56.96928	36.89747	8.917987	8.022935	85.21298	100.59087	55.51688	36.02549	9.403408	 8.761498	91.12648	108.50880	54.94960	36.11512	8.686641	7.931985	84.61761	 99.94643	1
PI425818	55.52791	36.63755	8.870254	7.790360	85.38350	 98.64304	57.02703	37.02663	9.137075	 8.858311	87.78995	108.58382	59.21925	37.58096	9.087543	8.140454	86.66534	100.16605	1
PI425822	49.70875	34.21590	8.515950	7.496575	85.46055	 99.15551	46.53159	33.55890	8.727685	 7.901948	84.83731	105.54612	49.88039	34.24312	8.568179	7.456882	84.45448	 98.00917	1
PI425823	42.21642	31.75319	7.949390	6.816511	84.43558	 97.55024	41.32276	31.50439	8.349485	 7.534802	88.89682	106.67857	42.31789	31.75211	8.043010	6.836352	85.51053	 97.58342	1
PI425824	35.05012	30.00649	7.550882	6.078832	80.82698	 96.11713	34.33967	29.27343	7.774579	 6.805789	88.23893	107.34268	36.52589	30.22813	7.617751	6.213235	81.66343	 95.13763	1
PI425832	42.41174	32.73270	8.137696	6.812409	79.90136	 95.93930	41.75908	32.62675	8.385605	 7.426677	83.58019	104.11909	42.17564	32.59553	8.091153	6.815130	82.42043	 95.89039	1
PI425840	50.36786	34.79710	8.458153	7.363151	85.66786	 96.20455	47.92003	34.39222	8.553844	 8.184645	91.60104	108.96831	47.91732	33.97067	8.325929	7.238619	86.52733	 98.03308	1
PI425841	46.72998	33.14449	8.230615	7.398939	86.78327	100.06945	45.37018	32.94136	8.081392	 8.119744	95.27407	112.49382	48.93698	34.02206	8.019473	7.389216	86.10062	 98.58064	1
PI425842	47.89353	33.34888	8.314292	7.460870	88.01454	101.44988	45.32645	33.36952	8.139621	 8.066963	95.41257	111.92742	50.11216	34.34085	8.364022	7.625184	90.65887	101.96302	1
PI425852	45.68777	32.57539	7.691604	7.154115	87.25943	 99.51019	42.60775	31.55362	8.080941	 7.558566	92.58971	109.21139	46.38906	33.17688	8.261772	7.205696	86.71444	 99.65554	1
PI425859	55.82984	36.53751	8.628050	7.855945	88.17443	101.56369	55.95002	36.66346	8.854660	 8.963461	87.72503	110.99535	57.90258	37.30650	8.776484	7.943704	87.96060	100.50051	1
PI425862	55.00485	35.90385	8.502482	7.905037	86.35494	 99.25867	55.17404	36.11554	9.075311	 8.869596	90.68173	109.45802	56.64442	36.90594	9.050881	8.027993	84.67921	 98.67798	1
PI425891	53.92542	35.69166	8.705508	7.832674	89.03565	 99.95163	51.24755	34.86711	8.651693	 8.627507	92.31006	111.30196	52.73048	35.52556	8.566957	7.831314	86.06101	101.30809	1
PI425965	39.90979	30.93654	7.982231	6.492058	84.97904	 96.29439	39.86658	31.26394	8.205326	 7.187057	84.93553	104.70769	40.93214	31.59101	8.121812	6.573085	82.93433	 95.33486	1
PI426026	44.87411	32.64700	8.046361	7.002484	89.66936	101.36062	44.96631	32.95077	8.425045	 7.850767	90.66174	107.77820	45.64860	33.20019	8.121576	7.138623	85.48210	 98.60168	1
PI426029	37.89219	30.14660	7.715335	6.415408	83.32136	 98.09607	39.99380	31.27433	7.828424	 7.307753	92.05584	109.61035	38.18928	30.78173	7.857792	6.331507	81.54559	 96.36011	1
PI426038	45.82746	33.18004	8.572322	7.097131	82.08535	 95.30449	46.91195	34.00271	8.781726	 7.999884	89.18650	105.89517	47.70825	34.05197	8.178749	7.196540	86.21214	 95.38555	1
PI426039	56.74761	36.48089	8.990978	7.819301	85.51261	 96.29041	56.33365	36.36921	8.969761	 8.658423	89.73539	108.25274	59.30376	37.20485	8.934649	8.024993	85.31611	 96.52697	1
PI426042	51.53715	34.61434	8.678609	7.491852	85.85504	 97.84407	48.55817	34.27584	8.583195	 8.265957	92.70125	109.97175	51.84816	35.21890	8.639092	7.559043	84.94721	 96.62988	1
PI426055	42.57547	31.77230	8.245387	6.887258	82.53593	 96.38124	42.69716	32.31785	8.496153	 7.660654	86.92524	106.59932	43.55712	32.07308	8.040117	6.972878	85.56149	 98.91560	1
PI426058	49.46601	34.32724	8.384545	7.452268	85.37055	 99.10245	47.44966	34.14889	8.470992	 8.429778	90.91256	111.46689	50.35800	35.64650	8.391718	7.622777	87.18212	100.51645	1
PI426109	41.95413	32.52984	7.913545	6.782055	84.95763	 96.11958	41.30063	32.49277	8.080063	 7.454608	92.90048	109.40893	41.84746	32.44080	7.927258	6.760725	83.45246	 96.31156	1
PI426118	47.50973	33.94968	8.439200	7.119250	81.97218	 93.92876	43.20139	32.83255	8.704637	 7.502085	84.13959	103.42854	49.27928	34.56267	8.647469	7.222923	81.95508	 95.13989	1
PI426127	47.04989	34.09541	8.321782	7.076599	82.34474	 96.26505	45.26664	33.49448	8.657707	 7.772998	84.58796	105.47111	48.18142	34.41837	8.186375	7.157991	84.80751	 98.14189	1
PI426139	49.00014	34.36978	8.572479	7.430096	83.20727	 99.18770	44.78442	33.35533	8.641912	 7.810330	82.74119	105.75083	50.29830	34.85685	8.568818	7.453012	82.83400	 97.86310	1
PI426148	38.38255	31.52206	7.880887	6.367292	81.54814	 94.58715	36.94187	30.25257	7.960355	 7.000648	84.29121	105.67897	38.70479	31.11672	7.751788	6.310838	82.10205	 93.44936	1
PI426149	47.98578	33.86146	8.309318	7.359910	88.20475	100.29658	43.37346	32.90032	8.441164	 7.735438	89.22424	107.22830	47.66938	34.03105	8.362988	7.239949	85.97699	 98.02048	1
PI426226	53.19832	35.60758	8.731682	7.649683	84.37287	 97.96569	47.61382	34.10997	8.608034	 8.263016	86.39925	109.11973	52.93360	36.32320	8.677727	7.713496	84.66218	 98.30385	1
PI427024	39.51582	31.46691	8.078715	6.360236	76.71499	 92.62355	39.83287	31.28784	8.246540	 7.015700	88.70270	103.70879	40.29534	31.50035	8.059334	6.406607	81.41767	 93.41110	1
PI427045	50.32947	35.44382	8.525381	7.437344	82.00200	 97.11662	44.03554	33.03209	8.510338	 7.831027	84.27853	106.68363	49.73522	35.15090	8.089183	7.272997	81.61219	 95.99934	1
PI427048	53.43637	35.83538	8.790277	7.728762	82.46992	 97.47127	49.84789	35.43131	8.807273	 8.463428	85.25207	108.64094	53.78023	36.48191	8.702792	7.708761	83.36619	 96.76106	1
PI427058	51.02942	34.93470	8.136574	7.535601	87.41714	100.79353	49.25824	34.24409	8.839146	 8.340750	88.08355	107.98064	54.21731	35.96454	8.758686	7.723723	85.29951	 97.62035	1
PI427060	51.67192	35.05176	8.562442	7.651682	82.46129	 98.14500	47.01953	33.74085	8.610307	 8.215391	83.74162	108.79804	51.92555	35.46520	8.464083	7.684397	84.52023	 99.81798	1
PI674166	47.61676	33.97962	8.171101	7.307255	84.53493	 99.15911	43.38921	33.18281	8.590081	 7.864530	80.21100	107.36777	48.36065	34.36581	8.540802	7.264164	82.84419	 96.89420	1
